%YAML:1.0
---
Camera Count: 10
Point Count: 338
Rotations:
   - !!opencv-matrix
      rows: 3
      cols: 3
      dt: d
      data: [ 1., 0., 0., 0., 1., 0., 0., 0., 1. ]
   - !!opencv-matrix
      rows: 3
      cols: 3
      dt: d
      data: [ 9.3062906260817013e-01, 7.0945930147159469e-02,
          -3.5902120107953595e-01, -8.7838022472168292e-02,
          9.9565425255736639e-01, -3.0936890157392344e-02,
          3.5526613916501693e-01, 6.0326481415594352e-02,
          9.3281653394587583e-01 ]
   - !!opencv-matrix
      rows: 3
      cols: 3
      dt: d
      data: [ -5.4492055379048754e-01, 3.0937063420730876e-01,
          -7.7932753111053121e-01, 2.8895833844303404e-01,
          -8.0322172720549978e-01, -5.2090108042626926e-01,
          -7.8712430320814608e-01, -5.0904289370855693e-01,
          3.4829680398176155e-01 ]
   - !!opencv-matrix
      rows: 3
      cols: 3
      dt: d
      data: [ -9.7081084857451327e-01, 9.2446121594326927e-02,
          -2.2131428081395996e-01, 6.4750317422733170e-02,
          -7.8745420844408553e-01, -6.1296269543696857e-01,
          -2.3094088569088131e-01, -6.0940100443457224e-01,
          7.5848317259544118e-01 ]
   - !!opencv-matrix
      rows: 3
      cols: 3
      dt: d
      data: [ -9.7678605395655338e-01, 9.0898845930392630e-02,
          -1.9397526802277662e-01, 3.4731924077565979e-02,
          -8.2632510415468541e-01, -5.6212144212226822e-01,
          -2.1138282391399607e-01, -5.5580951957686997e-01,
          8.0398574595690020e-01 ]
   - !!opencv-matrix
      rows: 3
      cols: 3
      dt: d
      data: [ 9.5153403419055982e-03, 3.4658461554959308e-01,
          -9.3797044866163959e-01, 3.5440369479842937e-01,
          -8.7829203881745566e-01, -3.2093786885174302e-01,
          -9.3504410559684215e-01, -3.2936635956669535e-01,
          -1.3118811598000435e-01 ]
   - !!opencv-matrix
      rows: 3
      cols: 3
      dt: d
      data: [ -9.6412819125111071e-01, 1.3608740246083617e-01,
          -2.2789701561522097e-01, -3.2481748472971278e-03,
          -8.6455723137342089e-01, -5.0252387310463831e-01,
          -2.6541718142392978e-01, -4.8375718348298208e-01,
          8.3398603539483163e-01 ]
   - !!opencv-matrix
      rows: 3
      cols: 3
      dt: d
      data: [ -7.4801952804779592e-01, 1.9407532696552951e-01,
          -6.3466648967971784e-01, 2.5307960100811427e-01,
          -8.0061886687454864e-01, -5.4310233433312327e-01,
          -6.1352872892206634e-01, -5.6687229379088266e-01,
          5.4976204063170520e-01 ]
   - !!opencv-matrix
      rows: 3
      cols: 3
      dt: d
      data: [ -3.0354657130680285e-01, -9.2004766459648435e-01,
          2.4773327172271203e-01, 7.1522881896538015e-01,
          -4.8236336565109117e-02, 6.9722377495045662e-01,
          -6.2952936037112006e-01, 3.8882586167246197e-01,
          6.7268657911793950e-01 ]
   - !!opencv-matrix
      rows: 3
      cols: 3
      dt: d
      data: [ 8.4265662017283283e-01, -1.8529196423773424e-02,
          -5.3813240876088220e-01, -5.2397937879036675e-02,
          -9.9748625209562969e-01, -4.7703595108110911e-02,
          -5.3589577026220747e-01, 6.8394778748843046e-02,
          -8.4150928554292992e-01 ]
Motions:
   - !!opencv-matrix
      rows: 3
      cols: 1
      dt: d
      data: [ 0., 0., 0. ]
   - !!opencv-matrix
      rows: 3
      cols: 1
      dt: d
      data: [ 8.1517868189278975e-01, -2.4147759876515438e-02,
          5.7870597221774034e-01 ]
   - !!opencv-matrix
      rows: 3
      cols: 1
      dt: d
      data: [ 2.4694540300731642e+00, 1.6346145024968890e+00,
          -4.2500415091350048e+00 ]
   - !!opencv-matrix
      rows: 3
      cols: 1
      dt: d
      data: [ 5.8282806043922153e-01, 1.6217086549100779e+00,
          -4.6754109406501430e+00 ]
   - !!opencv-matrix
      rows: 3
      cols: 1
      dt: d
      data: [ 5.4543684772177736e-01, 1.4792039798434400e+00,
          -4.8480003955839939e+00 ]
   - !!opencv-matrix
      rows: 3
      cols: 1
      dt: d
      data: [ 7.3582601931140692e+00, 4.1535006960543157e+00,
          -1.2200293340624997e+01 ]
   - !!opencv-matrix
      rows: 3
      cols: 1
      dt: d
      data: [ 7.6005561455234849e-01, 1.2896499908313841e+00,
          -4.9748157761394260e+00 ]
   - !!opencv-matrix
      rows: 3
      cols: 1
      dt: d
      data: [ 4.2719295569338520e+00, 3.2802235353669182e+00,
          -9.5154884679732987e+00 ]
   - !!opencv-matrix
      rows: 3
      cols: 1
      dt: d
      data: [ 3.3139193693532332e+04, 2.5240568975269223e+04,
          -7.7543346842093350e+04 ]
   - !!opencv-matrix
      rows: 3
      cols: 1
      dt: d
      data: [ 4.9553348201657084e+00, 1.3038524908477671e+00,
          -4.5437041907923454e+00 ]
