%YAML:1.0
---
Camera Count: 9
Point Count: 10
Rotations:
   - !!opencv-matrix
      rows: 3
      cols: 3
      dt: d
      data: [ 1., 0., 0., 0., 1., 0., 0., 0., 1. ]
   - !!opencv-matrix
      rows: 3
      cols: 3
      dt: d
      data: [ 9.9676944726969252e-01, 2.2813286587285014e-02,
          7.7007940790268958e-02, -2.2156545452600755e-02,
          9.9971058490639697e-01, -9.3719752302297305e-03,
          -7.7199459086693234e-02, 7.6354686297306516e-03,
          9.9698643076800508e-01 ]
   - !!opencv-matrix
      rows: 3
      cols: 3
      dt: d
      data: [ 9.9374960511469801e-01, 3.3500462659778907e-02,
          1.0648681296743995e-01, -3.2012565933048284e-02,
          9.9936490647091347e-01, -1.5651815765741227e-02,
          -1.0694352695120923e-01, 1.2145069615413008e-02,
          9.9419091694064110e-01 ]
   - !!opencv-matrix
      rows: 3
      cols: 3
      dt: d
      data: [ 9.9033693604765982e-01, 5.1796657498423632e-02,
          1.2864625673421082e-01, -4.8709350066948195e-02,
          9.9844713149986564e-01, -2.7031922161501590e-02,
          -1.2984664922819139e-01, 2.0504435414831171e-02,
          9.9132205453754030e-01 ]
   - !!opencv-matrix
      rows: 3
      cols: 3
      dt: d
      data: [ 9.8733111788358174e-01, 6.9308259981333123e-02,
          1.4273622090106225e-01, -6.4663522885517563e-02,
          9.9722347830444769e-01, -3.6931871417692289e-02,
          -1.4489959443280387e-01, 2.7234159005534692e-02,
          9.8907148786954235e-01 ]
   - !!opencv-matrix
      rows: 3
      cols: 3
      dt: d
      data: [ 9.8168135470832107e-01, 7.6532833780344381e-02,
          1.7448336072985760e-01, -7.1400623231544183e-02,
          9.9681531522332467e-01, -3.5513072781313271e-02,
          -1.7664560232335957e-01, 2.2404300698168601e-02,
          9.8401950107202829e-01 ]
   - !!opencv-matrix
      rows: 3
      cols: 3
      dt: d
      data: [ 9.9881227491852920e-01, 2.3545844449380869e-02,
          4.2657152755872937e-02, -2.3439589915195617e-02,
          9.9972078552740506e-01, -2.9894161763907977e-03,
          -4.2715630589747561e-02, 1.9859994042716149e-03,
          9.9908529701406701e-01 ]
   - !!opencv-matrix
      rows: 3
      cols: 3
      dt: d
      data: [ 9.9980292805277227e-01, 1.8746546807562613e-02,
          -6.5323839365891987e-03, -1.8681537926565770e-02,
          9.9977672112716842e-01, 9.8746155827224517e-03,
          6.7160403364950995e-03, -9.7506345947391774e-03,
          9.9992990750712041e-01 ]
   - !!opencv-matrix
      rows: 3
      cols: 3
      dt: d
      data: [ 9.9574633518193389e-01, 4.2232022969701605e-02,
          -8.1888291028903909e-02, -4.3345835798749843e-02,
          9.9898959708611035e-01, -1.1871117581710840e-02,
          8.1304209550648016e-02, 1.5370138243281466e-02,
          9.9657081251646473e-01 ]
Motions:
   - !!opencv-matrix
      rows: 3
      cols: 1
      dt: d
      data: [ 0., 0., 0. ]
   - !!opencv-matrix
      rows: 3
      cols: 1
      dt: d
      data: [ -9.3804828336496870e-01, 2.2937419978626028e-02,
          -3.4574454853368158e-01 ]
   - !!opencv-matrix
      rows: 3
      cols: 1
      dt: d
      data: [ -1.3300890356788320e+00, 3.8247987577530888e-02,
          -5.2286133444730420e-01 ]
   - !!opencv-matrix
      rows: 3
      cols: 1
      dt: d
      data: [ -1.6694619763145890e+00, 9.1793568844071347e-02,
          -7.2801889167399192e-01 ]
   - !!opencv-matrix
      rows: 3
      cols: 1
      dt: d
      data: [ -1.9331898115231541e+00, 1.4127467489346027e-01,
          -9.1355878128524193e-01 ]
   - !!opencv-matrix
      rows: 3
      cols: 1
      dt: d
      data: [ -2.2770646659964084e+00, 1.1870637718757804e-01,
          -1.1184068007910408e+00 ]
   - !!opencv-matrix
      rows: 3
      cols: 1
      dt: d
      data: [ -1.7170456109246806e+00, -7.0863020542562202e-02,
          -1.0800175141370962e+00 ]
   - !!opencv-matrix
      rows: 3
      cols: 1
      dt: d
      data: [ -1.7842364142582572e+00, -1.3380186196785016e-01,
          -1.3608602822012175e+00 ]
   - !!opencv-matrix
      rows: 3
      cols: 1
      dt: d
      data: [ -1.5482977089313938e+00, 1.3141009106132565e-02,
          -1.3780109552553885e+00 ]
Points:
   - [ 1.0450582504272461e+00, 2.9294061660766602e-01,
       5.7671136856079102e+00 ]
   - [ 1.8180477619171143e-01, 3.5017672181129456e-01,
       6.0524787902832031e+00 ]
   - [ 2.3442919254302979e+00, 3.0049252510070801e-01,
       4.3375234603881836e+00 ]
   - [ 2.4864387512207031e+00, 2.1501110494136810e-01,
       2.9807019233703613e+00 ]
   - [ 2.3326692581176758e+00, 3.8735684752464294e-01,
       4.3389110565185547e+00 ]
   - [ 2.5946049690246582e+00, 3.0256178975105286e-01,
       3.0379590988159180e+00 ]
   - [ 1.8057574033737183e+00, 1.0366699695587158e+00,
       5.2133736610412598e+00 ]
   - [ -7.8710442781448364e-01, 3.8111009597778320e+00,
       1.1281889915466309e+01 ]
   - [ 2.6197905540466309e+00, 4.2301562428474426e-01,
       3.6512911319732666e+00 ]
   - [ 2.2364113330841064e+00, 1.5999972820281982e-01,
       1.8715311288833618e+00 ]
Colors:
   - [ 0, 255, 255 ]
   - [ 0, 255, 255 ]
   - [ 0, 255, 255 ]
   - [ 255, 0, 0 ]
   - [ 255, 0, 0 ]
   - [ 0, 255, 255 ]
   - [ 0, 0, 0 ]
   - [ 0, 0, 0 ]
   - [ 0, 0, 0 ]
   - [ 0, 255, 255 ]
