%YAML:1.0
---
Camera Count: 3
Point Count: 174
Rotations:
   - !!opencv-matrix
      rows: 3
      cols: 3
      dt: d
      data: [ 1., 0., 0., 0., 1., 0., 0., 0., 1. ]
   - !!opencv-matrix
      rows: 3
      cols: 3
      dt: d
      data: [ 9.9708457079948098e-01, 9.1008423779677938e-03,
          -7.5759707903516549e-02, -1.0988360300032737e-02,
          9.9963857729143035e-01, -2.4535091780584346e-02,
          7.5509036621661640e-02, 2.5296036424239627e-02,
          9.9682420512831249e-01 ]
   - !!opencv-matrix
      rows: 3
      cols: 3
      dt: d
      data: [ 9.7848253022139542e-01, -3.0997561992784185e-02,
          -2.0398796337539035e-01, 2.4778402779890584e-02,
          9.9914906728025732e-01, -3.2972293045362679e-02,
          2.0483644404063847e-01, 2.7208316807462798e-02,
          9.7841797749698523e-01 ]
Motions:
   - !!opencv-matrix
      rows: 3
      cols: 1
      dt: d
      data: [ 0., 0., 0. ]
   - !!opencv-matrix
      rows: 3
      cols: 1
      dt: d
      data: [ 9.7908955263293096e-01, -9.7712843775833891e-02,
          -1.7842602973301391e-01 ]
   - !!opencv-matrix
      rows: 3
      cols: 1
      dt: d
      data: [ 2.0170436111568035e+00, 2.5508881458724736e-02,
          1.9423163381834191e-01 ]
Points:
   - [ -5.3100610019841774e+00, 3.1782223676656556e+00,
       1.3812862734981405e+01 ]
   - [ -4.1334808722302121e+00, -5.4969884462043994e-01,
       1.3590751766183688e+01 ]
   - [ -3.3530171115424654e+00, 1.6039445546327320e+00,
       1.2603431273635721e+01 ]
   - [ -3.3942617689936054e+00, -1.0307180540748997e+00,
       1.3024384922007668e+01 ]
   - [ -2.6227519437339035e+00, 1.7676116676248073e+00,
       1.0772709053345951e+01 ]
   - [ -2.2836973212143690e+00, 5.6862688926035732e-01,
       1.1109822445426705e+01 ]
   - [ -2.0739481458468561e+00, 1.7147205028925490e+00,
       1.0300326324321937e+01 ]
   - [ -1.9686277701312560e+00, 1.9578808850425997e+00,
       9.9590768724315577e+00 ]
   - [ -2.0132399284438951e+00, 1.5760049247507013e+00,
       1.0419384149222150e+01 ]
   - [ -1.8870771530896813e+00, -1.3985039074670216e-01,
       1.0888663950171779e+01 ]
   - [ -1.7681385531650269e+00, 1.0606928081807603e+00,
       1.0852233678125293e+01 ]
   - [ -1.6710393977725471e+00, -3.4451360763432692e-01,
       1.0737672735122029e+01 ]
   - [ -1.6362245648012368e+00, -1.4790287375318520e+00,
       1.0693082890031542e+01 ]
   - [ -1.5057457714807014e+00, -1.6223031046641421e+00,
       1.0675207955245551e+01 ]
   - [ -1.4592323162932568e+00, -1.8103333132106496e+00,
       1.0472513921239846e+01 ]
   - [ -1.4616800321700174e+00, -1.8148623483928470e+00,
       1.0499462338883067e+01 ]
   - [ -1.4441811494625776e+00, 8.6134833469509564e-01,
       1.0598067893864762e+01 ]
   - [ -1.2992457459824185e+00, -1.8489401888698529e+00,
       1.0173131590232256e+01 ]
   - [ -1.1930103009775499e+00, -8.8731899239134726e-01,
       1.0018990321998064e+01 ]
   - [ -1.1607478665683637e+00, -2.4213703241263875e+00,
       1.0318006134458480e+01 ]
   - [ -1.0570609211741588e+00, -2.5704641200880856e+00,
       1.0331440164324288e+01 ]
   - [ -9.0885310983702561e-01, 1.8248465113085524e+00,
       9.1202338074879599e+00 ]
   - [ -9.5946038071625483e-01, -1.2876707143821227e+00,
       9.9834780431863201e+00 ]
   - [ -9.2975777657274639e-01, -1.8744869295839204e+00,
       9.8591117403424331e+00 ]
   - [ -9.2857729486508855e-01, -4.2530796475546534e-01,
       1.0047422321491620e+01 ]
   - [ -8.9818319521046475e-01, -3.6594172315837847e-01,
       1.0014179639379970e+01 ]
   - [ -8.9818319521046475e-01, -3.6594172315837847e-01,
       1.0014179639379970e+01 ]
   - [ -8.9016544874525327e-01, -1.2410521451919112e+00,
       1.0007909184354752e+01 ]
   - [ -7.3259389081157522e-01, 1.8008729824933289e+00,
       8.9678587304268760e+00 ]
   - [ -7.8743496052170481e-01, -1.8021491114565272e-01,
       9.8346852145323460e+00 ]
   - [ -7.2806311655711342e-01, 1.4081445266672266e+00,
       9.1687790166668215e+00 ]
   - [ -7.7066502367155032e-01, -2.3326996313754673e+00,
       9.7083943106577859e+00 ]
   - [ -7.5223684178068173e-01, -1.8856655645496307e+00,
       9.7067744363886792e+00 ]
   - [ -6.5093404617373918e-01, 2.6760851239565009e-01,
       9.6117252531268456e+00 ]
   - [ -6.3741504942480276e-01, 5.8765780388192379e-01,
       9.4909677525927538e+00 ]
   - [ -6.1584729719372844e-01, 9.7419012364672442e-01,
       9.3809570674806082e+00 ]
   - [ -6.0676923279859940e-01, -1.2647368630571418e-01,
       9.6855265409693381e+00 ]
   - [ -6.0676923279859940e-01, -1.2647368630571418e-01,
       9.6855265409693381e+00 ]
   - [ -5.8365543256214358e-01, -1.0690383151615495e+00,
       9.7332708428890946e+00 ]
   - [ -5.8392842256977140e-01, -1.0731271955644011e+00,
       9.7460461415239461e+00 ]
   - [ -5.5137069530161587e-01, -9.5639849669274690e-01,
       9.8196290816027982e+00 ]
   - [ -5.4111468159347265e-01, -2.1331286348668996e-01,
       9.6929254963432570e+00 ]
   - [ -5.2992566682173070e-01, 6.8319093874729309e-01,
       9.5865551625457819e+00 ]
   - [ -4.9515212194880182e-01, 1.7299808292938815e-02,
       9.7114283764436848e+00 ]
   - [ -4.4208671439067332e-01, 9.2051155873308732e-01,
       9.2824238985248968e+00 ]
   - [ -4.5382690295087064e-01, -1.7553095845301211e-01,
       9.6917037925347120e+00 ]
   - [ -4.4647521601363782e-01, 5.6113743871163191e-01,
       9.6603687470132780e+00 ]
   - [ -4.4015160947133602e-01, -2.9877221605521209e-01,
       9.6623211387851704e+00 ]
   - [ -3.4994859969589642e-01, -1.4603345126758227e-01,
       9.5714516426535123e+00 ]
   - [ -2.2558526686106248e-01, -1.9226115731242011e+00,
       9.2499540494061741e+00 ]
   - [ -1.8785383319998608e-01, -9.8122291671011352e-01,
       9.1812027487400840e+00 ]
   - [ -1.8785383319998608e-01, -9.8122291671011352e-01,
       9.1812027487400840e+00 ]
   - [ -1.3592958870249680e-01, -1.2632845209017025e+00,
       9.1738376743849592e+00 ]
   - [ -1.3592958870249680e-01, -1.2632845209017025e+00,
       9.1738376743849592e+00 ]
   - [ -1.1936273908848075e-01, -1.6504495648848625e+00,
       9.0899693072970642e+00 ]
   - [ 1.3468153438014351e-02, -2.2405973756887017e+00,
       9.4099506992102047e+00 ]
   - [ 3.1842569829936669e-02, -4.9023844134329025e-01,
       9.1557040772317180e+00 ]
   - [ 8.5842657254364269e-02, -2.0335382571140492e+00,
       9.1002507019673367e+00 ]
   - [ 1.3744033355132071e-01, -2.1743332068685439e+00,
       9.2871761877999273e+00 ]
   - [ 2.2490058432249166e-01, -2.4240662382166833e-01,
       9.2194145067118125e+00 ]
   - [ 2.2704452773480341e-01, -2.4568645444728399e-01,
       9.2472680692600875e+00 ]
   - [ 2.2704452773480341e-01, -2.4568645444728399e-01,
       9.2472680692600875e+00 ]
   - [ 2.2718088475356008e-01, -1.3266174732823823e+00,
       9.2845812100778424e+00 ]
   - [ 4.6583393857365413e-01, 2.5278681413427075e+00,
       7.7298379457813864e+00 ]
   - [ 5.7206596570739876e-01, -9.5415465596609017e-01,
       8.8508113697599136e+00 ]
   - [ 5.7259198850299808e-01, -9.5948701540186265e-01,
       8.8574707612045653e+00 ]
   - [ 5.8034059565684126e-01, 6.4023024553050834e-01,
       8.9522072036048730e+00 ]
   - [ 5.9728461064300487e-01, -5.7486436989438494e-01,
       8.8843480270282225e+00 ]
   - [ 7.2825098119908738e-01, 6.2969381493610366e-01,
       8.7819300773621922e+00 ]
   - [ 6.6337371333497430e-01, 2.0120710538151489e+00,
       7.9263240973118814e+00 ]
   - [ 8.2743117267285649e-01, -2.0091756563195262e+00,
       9.4456497274726559e+00 ]
   - [ 7.4356718285325174e-01, 1.3210170905715244e+00,
       7.9979270613905911e+00 ]
   - [ 8.0202360120710514e-01, 1.1681073065290082e+00,
       8.0030242582432525e+00 ]
   - [ 9.3988688000195186e-01, 7.5917215890384859e-01,
       8.6350806836809273e+00 ]
   - [ 9.3988688000195186e-01, 7.5917215890384859e-01,
       8.6350806836809273e+00 ]
   - [ 9.1005429418054329e-01, 1.1876033493572349e+00,
       8.0414024723359070e+00 ]
