%YAML:1.0
---
Camera Count: 3
Point Count: 194
Rotations:
   - !!opencv-matrix
      rows: 3
      cols: 3
      dt: d
      data: [ 1., 0., 0., 0., 1., 0., 0., 0., 1. ]
   - !!opencv-matrix
      rows: 3
      cols: 3
      dt: d
      data: [ 9.4047367522245984e-01, 5.3496037947098854e-02,
          -3.3562991543889842e-01, -7.3113887801847244e-02,
          9.9625850015110395e-01, -4.6079933671521037e-02,
          3.3190906228070716e-01, 6.7876172554405673e-02,
          9.4086619642503166e-01 ]
   - !!opencv-matrix
      rows: 3
      cols: 3
      dt: d
      data: [ -9.9058195253799208e-01, 6.7631548154858043e-02,
          -1.1905195924551759e-01, 7.0456735164251584e-03,
          -8.4316303692440853e-01, -5.3761180385953999e-01,
          -1.3673973011059809e-01, -5.3338735161098982e-01,
          8.3474557761673429e-01 ]
Motions:
   - !!opencv-matrix
      rows: 3
      cols: 1
      dt: d
      data: [ 0., 0., 0. ]
   - !!opencv-matrix
      rows: 3
      cols: 1
      dt: d
      data: [ 7.8507608245562144e-01, 1.6989360896551023e-02,
          6.1916629944826707e-01 ]
   - !!opencv-matrix
      rows: 3
      cols: 1
      dt: d
      data: [ 3.8242706741918120e-01, 1.4804020869296342e+00,
          -5.1755004951237202e+00 ]
Points:
   - [ -1.2247115373611450e+00, -8.2458078861236572e-01,
       2.5404498577117920e+00 ]
   - [ -1.2203030586242676e+00, -8.2654279470443726e-01,
       2.5407106876373291e+00 ]
   - [ -1.2162053585052490e+00, -8.2120662927627563e-01,
       2.5417268276214600e+00 ]
   - [ -1.1808905601501465e+00, -5.9887516498565674e-01,
       2.5065233707427979e+00 ]
   - [ -1.1808905601501465e+00, -5.9887516498565674e-01,
       2.5065233707427979e+00 ]
   - [ -1.1704341173171997e+00, -6.2527465820312500e-01,
       2.5029087066650391e+00 ]
   - [ -1.1634796857833862e+00, -6.2217885255813599e-01,
       2.5044689178466797e+00 ]
   - [ -1.1815246343612671e+00, -8.2326555252075195e-01,
       2.5465891361236572e+00 ]
   - [ -1.1585935354232788e+00, -6.2190860509872437e-01,
       2.5055384635925293e+00 ]
   - [ -1.1752293109893799e+00, -8.2601392269134521e-01,
       2.5453479290008545e+00 ]
   - [ -1.1617672443389893e+00, -8.5451668500900269e-01,
       2.5344204902648926e+00 ]
   - [ -1.1494495868682861e+00, -6.2282723188400269e-01,
       2.5072982311248779e+00 ]
   - [ -1.1494187116622925e+00, -6.0668826103210449e-01,
       2.5107290744781494e+00 ]
   - [ -1.1639298200607300e+00, -8.2486534118652344e-01,
       2.5463936328887939e+00 ]
   - [ -1.1463274955749512e+00, -6.0118067264556885e-01,
       2.5121786594390869e+00 ]
   - [ -1.1404846906661987e+00, -6.2368267774581909e-01,
       2.5089135169982910e+00 ]
   - [ -1.1116524934768677e+00, -6.2317025661468506e-01,
       2.5140767097473145e+00 ]
   - [ -1.1116524934768677e+00, -6.2317025661468506e-01,
       2.5140767097473145e+00 ]
   - [ -1.1037389039993286e+00, -6.4283889532089233e-01,
       2.5112459659576416e+00 ]
   - [ -1.1037389039993286e+00, -6.4283889532089233e-01,
       2.5112459659576416e+00 ]
   - [ -1.1014462709426880e+00, -6.4918422698974609e-01,
       2.5102972984313965e+00 ]
   - [ -1.1176481246948242e+00, -8.2187569141387939e-01,
       2.5494432449340820e+00 ]
   - [ -1.1144099235534668e+00, -8.2227283716201782e-01,
       2.5492734909057617e+00 ]
   - [ -1.1069893836975098e+00, -8.1236475706100464e-01,
       2.5519950389862061e+00 ]
   - [ -1.1066293716430664e+00, -7.9087781906127930e-01,
       2.5575830936431885e+00 ]
   - [ -1.1031229496002197e+00, -7.9020065069198608e-01,
       2.5590705871582031e+00 ]
   - [ -1.1031355857849121e+00, -7.7585530281066895e-01,
       2.5620574951171875e+00 ]
   - [ -1.1002882719039917e+00, -7.7592885494232178e-01,
       2.5623733997344971e+00 ]
   - [ -1.0785648822784424e+00, -6.2906455993652344e-01,
       2.5183954238891602e+00 ]
   - [ -1.0947628021240234e+00, -7.8802853822708130e-01,
       2.5597088336944580e+00 ]
   - [ -1.0864038467407227e+00, -8.3992773294448853e-01,
       2.5470337867736816e+00 ]
   - [ -1.0912499427795410e+00, -7.9702973365783691e-01,
       2.5582711696624756e+00 ]
   - [ -1.0899579524993896e+00, -7.9209637641906738e-01,
       2.5591068267822266e+00 ]
   - [ -1.0891711711883545e+00, -7.8808009624481201e-01,
       2.5603492259979248e+00 ]
   - [ -1.0853748321533203e+00, -8.2885754108428955e-01,
       2.5526676177978516e+00 ]
   - [ -1.0838724374771118e+00, -8.1671386957168579e-01,
       2.5552809238433838e+00 ]
   - [ -1.0847344398498535e+00, -7.9585319757461548e-01,
       2.5598726272583008e+00 ]
   - [ -1.0852562189102173e+00, -7.8228163719177246e-01,
       2.5613703727722168e+00 ]
   - [ -1.0830345153808594e+00, -8.0905389785766602e-01,
       2.5565834045410156e+00 ]
   - [ -1.0667774677276611e+00, -6.3550728559494019e-01,
       2.5186693668365479e+00 ]
   - [ -1.0818210840225220e+00, -8.0507850646972656e-01,
       2.5579385757446289e+00 ]
   - [ -1.0811041593551636e+00, -8.0018669366836548e-01,
       2.5591032505035400e+00 ]
   - [ -1.0805374383926392e+00, -7.9308038949966431e-01,
       2.5605151653289795e+00 ]
   - [ -1.0769418478012085e+00, -8.2368284463882446e-01,
       2.5541441440582275e+00 ]
   - [ -1.0595959424972534e+00, -6.4189475774765015e-01,
       2.5184550285339355e+00 ]
   - [ -1.0764024257659912e+00, -7.9671877622604370e-01,
       2.5600440502166748e+00 ]
   - [ -1.0749425888061523e+00, -8.0720555782318115e-01,
       2.5580368041992188e+00 ]
   - [ -1.0547121763229370e+00, -6.6654449701309204e-01,
       2.5139751434326172e+00 ]
   - [ -1.0547121763229370e+00, -6.6654449701309204e-01,
       2.5139751434326172e+00 ]
   - [ -1.0725476741790771e+00, -7.9922991991043091e-01,
       2.5608167648315430e+00 ]
   - [ -1.0712972879409790e+00, -7.9596495628356934e-01,
       2.5615475177764893e+00 ]
   - [ -1.0526773929595947e+00, -6.3596051931381226e-01,
       2.5200037956237793e+00 ]
   - [ -1.0684685707092285e+00, -7.8805470466613770e-01,
       2.5638413429260254e+00 ]
   - [ -1.0497908592224121e+00, -6.2938565015792847e-01,
       2.5232000350952148e+00 ]
   - [ -1.0497908592224121e+00, -6.2938565015792847e-01,
       2.5232000350952148e+00 ]
   - [ -1.0610049962997437e+00, -8.3838003873825073e-01,
       2.5533211231231689e+00 ]
   - [ -1.0653938055038452e+00, -7.8282374143600464e-01,
       2.5648114681243896e+00 ]
   - [ -1.0470504760742188e+00, -6.3406550884246826e-01,
       2.5212891101837158e+00 ]
   - [ -1.0626890659332275e+00, -7.9299777746200562e-01,
       2.5634152889251709e+00 ]
   - [ -1.0645095109939575e+00, -7.6956462860107422e-01,
       2.5677392482757568e+00 ]
   - [ -1.0433232784271240e+00, -6.3371324539184570e-01,
       2.5216588973999023e+00 ]
   - [ -1.0594751834869385e+00, -8.0375325679779053e-01,
       2.5617094039916992e+00 ]
   - [ -1.0582411289215088e+00, -8.0163359642028809e-01,
       2.5621254444122314e+00 ]
   - [ -1.0508224964141846e+00, -8.5759049654006958e-01,
       2.5489766597747803e+00 ]
   - [ -1.0585737228393555e+00, -7.7649050951004028e-01,
       2.5674970149993896e+00 ]
   - [ -1.0393476486206055e+00, -6.3054180145263672e-01,
       2.5230000019073486e+00 ]
   - [ -1.0393476486206055e+00, -6.3054180145263672e-01,
       2.5230000019073486e+00 ]
   - [ -1.0499058961868286e+00, -8.0898135900497437e-01,
       2.5619721412658691e+00 ]
   - [ -1.0503302812576294e+00, -7.9564738273620605e-01,
       2.5641047954559326e+00 ]
   - [ -1.0329959392547607e+00, -6.1523741483688354e-01,
       2.5261161327362061e+00 ]
   - [ -1.0492777824401855e+00, -7.8884339332580566e-01,
       2.5661416053771973e+00 ]
   - [ -1.0481019020080566e+00, -7.9493993520736694e-01,
       2.5651364326477051e+00 ]
   - [ -1.0443546772003174e+00, -8.3694463968276978e-01,
       2.5563294887542725e+00 ]
   - [ -1.0467220544815063e+00, -7.9220157861709595e-01,
       2.5660402774810791e+00 ]
   - [ -1.0452795028686523e+00, -8.0385172367095947e-01,
       2.5636396408081055e+00 ]
   - [ -1.0467463731765747e+00, -7.7766495943069458e-01,
