%YAML:1.0
---
<<<<<<< HEAD
Camera Count: 5
Point Count: 27
=======
Camera Count: 10
Point Count: 336
>>>>>>> 45635cf3747d9bba2562ca39089ff15af5270ded
Rotations:
   - !!opencv-matrix
      rows: 3
      cols: 3
      dt: f
      data: [ 1., 0., 0., 0., 1., 0., 0., 0., 1. ]
   - !!opencv-matrix
      rows: 3
      cols: 3
      dt: d
<<<<<<< HEAD
      data: [ 9.8213400564018338e-01, -1.1564338620843141e-02,
          -1.8782721058842916e-01, 7.0641145177026132e-03,
          9.9967214151531159e-01, -2.4611130901923586e-02,
          1.8805024129537384e-01, 2.2844595650904589e-02,
          9.8189369648567282e-01 ]
=======
      data: [ 9.9560424249063695e-01, 2.2065093399261937e-03,
          -9.3633987692387607e-02, -3.2942530503443368e-03,
          9.9992885978103663e-01, -1.1463999033329241e-02,
          9.3602031129060376e-02, 1.1722060123062601e-02,
          9.9554068378694860e-01 ]
   - !!opencv-matrix
      rows: 3
      cols: 3
      dt: d
      data: [ 9.9547361335496498e-01, -1.0895891898065314e-03,
          9.5032088840596468e-02, 2.9413775510921038e-04,
          9.9996481079653177e-01, 8.3839520297673189e-03,
          -9.5037879800585728e-02, -8.3180504959922529e-03,
          9.9543890392075574e-01 ]
   - !!opencv-matrix
      rows: 3
      cols: 3
      dt: d
      data: [ 9.7342743527960407e-01, 7.2948165939029103e-03,
          -2.2887947460581390e-01, -1.2119405477261399e-02,
          9.9973286058101796e-01, -1.9680637321304328e-02,
          2.2867476523624072e-01, 2.1931555470515746e-02,
          9.7325580328030603e-01 ]
   - !!opencv-matrix
      rows: 3
      cols: 3
      dt: d
      data: [ 9.9025083399552105e-01, 6.7895119636154112e-03,
          -1.3913011283856172e-01, -9.0675663903547477e-03,
          9.9983490418211618e-01, -1.5746225544399906e-02,
          1.3900023385207486e-01, 1.6854284512684791e-02,
          9.9014891207466060e-01 ]
   - !!opencv-matrix
      rows: 3
      cols: 3
      dt: d
      data: [ 9.9893334131410783e-01, 2.1524573604642552e-03,
          -4.6125335102777866e-02, -2.4767741230111470e-03,
          9.9997260564906398e-01, -6.9752090553057223e-03,
          4.6109057689089149e-02, 7.0820109243787408e-03,
          9.9891130733428546e-01 ]
>>>>>>> 45635cf3747d9bba2562ca39089ff15af5270ded
   - !!opencv-matrix
      rows: 3
      cols: 3
      dt: d
<<<<<<< HEAD
      data: [ -8.7583986872862940e-01, 7.8283114594211486e-02,
          4.7621032991194845e-01, 3.3306913445221187e-02,
          -9.7459830877172104e-01, 2.2146960526459064e-01,
          4.8145111263987106e-01, 2.0983300624241791e-01,
          8.5098468589575682e-01 ]
=======
      data: [ 9.3100078570260125e-01, 1.2635838078456037e-02,
          -3.6479839996523311e-01, -2.4495831556114997e-02,
          9.9931048563917024e-01, -2.7901747758520532e-02,
          3.6419430426286681e-01, 3.4912589243147024e-02,
          9.3066837265205582e-01 ]
>>>>>>> 45635cf3747d9bba2562ca39089ff15af5270ded
   - !!opencv-matrix
      rows: 3
      cols: 3
      dt: d
<<<<<<< HEAD
      data: [ 9.7352980475199857e-01, -1.7485988515761219e-02,
          -2.2789023556344457e-01, 1.0875998363439401e-02,
          9.9948383215853898e-01, -3.0228825866710531e-02,
          2.2830118685441397e-01, 2.6950129114869020e-02,
          9.7321747755656229e-01 ]
=======
      data: [ 9.1193237244518155e-01, 1.3310187774245136e-02,
          -4.1012459934502477e-01, -2.7625083694672828e-02,
          9.9919767012708283e-01, -2.8997771698388224e-02,
          4.0940957834101177e-01, 3.7773733122685380e-02,
          9.1156839691194380e-01 ]
>>>>>>> 45635cf3747d9bba2562ca39089ff15af5270ded
   - !!opencv-matrix
      rows: 3
      cols: 3
      dt: d
<<<<<<< HEAD
      data: [ 9.7086991445463422e-01, -1.1501094596266505e-02,
          -2.3933101351462807e-01, 7.6125066073592443e-03,
          9.9982367664223770e-01, -1.7165819780920476e-02,
          2.3948623958383133e-01, 1.4843869060519845e-02,
          9.7078627956997310e-01 ]
=======
      data: [ 9.8300584842933869e-01, 1.2293565454328137e-02,
          -1.8316214183650573e-01, -1.6494102936961425e-02,
          9.9963433388950096e-01, -2.1427624170652151e-02,
          1.8283174374823705e-01, 2.4084575099302577e-02,
          9.8284916783821163e-01 ]
   - !!opencv-matrix
      rows: 3
      cols: 3
      dt: d
      data: [ 9.4754847376789963e-01, 1.3222904989873135e-02,
          -3.1933844842698283e-01, -2.2508193663570687e-02,
          9.9942385544574630e-01, -2.5403511252644562e-02,
          3.1881855510325491e-01, 3.1258789957207725e-02,
          9.4730017258115395e-01 ]
>>>>>>> 45635cf3747d9bba2562ca39089ff15af5270ded
Motions:
   - !!opencv-matrix
      rows: 3
      cols: 1
      dt: f
      data: [ 0., 0., 0. ]
   - !!opencv-matrix
      rows: 3
      cols: 1
      dt: d
<<<<<<< HEAD
      data: [ 7.2683442828065092e-01, 8.7314534422144097e-02,
          -6.8123996208721038e-01 ]
=======
      data: [ 9.5221429224789178e-01, 2.1503065105397159e-01,
          2.1690956812955897e-01 ]
   - !!opencv-matrix
      rows: 3
      cols: 1
      dt: d
      data: [ -9.5216530548293410e-01, -2.1260181080405574e-02,
          2.4643707118658259e-01 ]
   - !!opencv-matrix
      rows: 3
      cols: 1
      dt: d
      data: [ 2.3360829983088558e+00, 4.5755437430575674e-01,
          6.0922786022258046e-01 ]
   - !!opencv-matrix
      rows: 3
      cols: 1
      dt: d
      data: [ 1.4078522946107197e+00, 3.1601741828643271e-01,
          3.0416235652923551e-01 ]
>>>>>>> 45635cf3747d9bba2562ca39089ff15af5270ded
   - !!opencv-matrix
      rows: 3
      cols: 1
      dt: d
<<<<<<< HEAD
      data: [ -2.5250956395943773e+00, -1.5120481720134642e+00,
          -1.3597032486053482e+01 ]
=======
      data: [ 4.7444225607387724e-01, 1.5696574887319639e-01,
          1.3058564765559846e-01 ]
>>>>>>> 45635cf3747d9bba2562ca39089ff15af5270ded
   - !!opencv-matrix
      rows: 3
      cols: 1
      dt: d
<<<<<<< HEAD
      data: [ 5.1159245040596102e-01, 8.6301730411991004e-02,
          -6.8396330388848037e-01 ]
=======
      data: [ 3.7635857516578737e+00, 9.6052409630984981e-01,
          1.6759707707037641e+00 ]
>>>>>>> 45635cf3747d9bba2562ca39089ff15af5270ded
   - !!opencv-matrix
      rows: 3
      cols: 1
      dt: d
<<<<<<< HEAD
      data: [ 3.5931279265222199e-01, 2.4835488370472014e-03,
          -6.6128528500799511e-01 ]
Points:
   - [ 1.2666828632354736e+00, 2.9311999678611755e-01,
       6.9976696968078613e+00 ]
   - [ 3.7184126377105713e+00, 3.8424366712570190e-01,
       6.8773212432861328e+00 ]
   - [ 5.0248456001281738e+00, 3.4971079230308533e-01,
       6.0443611145019531e+00 ]
   - [ 1.1817728281021118e+00, 4.4401776790618896e-01,
       6.9625411033630371e+00 ]
   - [ 3.7932541370391846e+00, 6.0651600360870361e-01,
       7.1666359901428223e+00 ]
   - [ 4.9840683937072754e+00, 5.2802497148513794e-01,
       6.0790576934814453e+00 ]
   - [ 1.2536020278930664e+00, 4.2565980553627014e-01,
       6.7076430320739746e+00 ]
   - [ 3.5866391658782959e+00, 5.3160911798477173e-01,
       6.5672326087951660e+00 ]
   - [ 5.0202078819274902e+00, 5.1657068729400635e-01,
       5.9572625160217285e+00 ]
   - [ 1.7135658860206604e-01, 2.9257857799530029e-01,
       6.3026132583618164e+00 ]
   - [ 3.6648502349853516e+00, 5.1869356632232666e-01,
       6.8542542457580566e+00 ]
   - [ 5.0623846054077148e+00, 4.9257963895797729e-01,
       5.8856496810913086e+00 ]
   - [ 1.4247661828994751e-01, 4.4939553737640381e-01,
       6.5758652687072754e+00 ]
   - [ 3.4395439624786377e+00, 7.2603350877761841e-01,
       6.6444463729858398e+00 ]
   - [ 5.0137143135070801e+00, 7.0512557029724121e-01,
       5.9474439620971680e+00 ]
   - [ 2.4793858826160431e-01, 4.3488559126853943e-01,
       6.3870835304260254e+00 ]
   - [ 3.4562551975250244e+00, 6.8874460458755493e-01,
       6.3274269104003906e+00 ]
   - [ 4.9033212661743164e+00, 6.8053281307220459e-01,
       5.6280889511108398e+00 ]
   - [ 2.3271837234497070e+00, 1.1204571723937988e+00,
       6.7168397903442383e+00 ]
   - [ 4.3488631248474121e+00, 6.2294214963912964e-01,
       6.0152835845947266e+00 ]
   - [ 1.9716876745223999e+00, 1.5107301473617554e+00,
       6.4298787117004395e+00 ]
   - [ 4.2385845184326172e+00, 9.1218328475952148e-01,
       6.1037364006042480e+00 ]
   - [ 2.4658870697021484e+00, 1.6317898035049438e+00,
       6.5822005271911621e+00 ]
   - [ 4.5281157493591309e+00, 9.2692744731903076e-01,
       6.0687785148620605e+00 ]
   - [ 5.2034826278686523e+00, 4.6784156560897827e-01,
       6.0132384300231934e+00 ]
   - [ 5.1057996749877930e+00, 6.7823880910873413e-01,
       6.0314702987670898e+00 ]
   - [ 4.6591010093688965e+00, 9.1100120544433594e-01,
       6.2000079154968262e+00 ]
Colors:
   - [ 255, 0, 0 ]
   - [ 255, 0, 0 ]
   - [ 255, 0, 0 ]
   - [ 255, 0, 0 ]
   - [ 255, 0, 0 ]
   - [ 255, 0, 0 ]
   - [ 255, 0, 0 ]
   - [ 255, 0, 0 ]
   - [ 255, 0, 0 ]
   - [ 0, 255, 255 ]
   - [ 0, 255, 255 ]
   - [ 0, 255, 255 ]
   - [ 0, 255, 255 ]
   - [ 0, 255, 255 ]
   - [ 0, 255, 255 ]
   - [ 0, 255, 255 ]
   - [ 0, 255, 255 ]
   - [ 0, 255, 255 ]
   - [ 0, 0, 255 ]
   - [ 0, 0, 255 ]
   - [ 0, 0, 255 ]
   - [ 0, 0, 255 ]
   - [ 0, 0, 255 ]
   - [ 0, 0, 255 ]
   - [ 0, 255, 255 ]
   - [ 0, 255, 255 ]
   - [ 0, 0, 255 ]
=======
      data: [ 4.2275755679821128e+00, 1.0517192754295401e+00,
          2.0866000063879198e+00 ]
   - !!opencv-matrix
      rows: 3
      cols: 1
      dt: d
      data: [ 1.8945090706151357e+00, 5.3085468653348267e-01,
          6.3788167091736125e-01 ]
   - !!opencv-matrix
      rows: 3
      cols: 1
      dt: d
      data: [ 3.2920154837693403e+00, 7.9155968276435951e-01,
          1.3168400448973252e+00 ]
Points:
   - [ -6.9269509315490723e+00, -1.0168266296386719e+01,
       4.4989246368408203e+01 ]
   - [ -9.4348466396331787e-01, 4.7357697486877441e+00,
       1.0558064460754395e+01 ]
   - [ 2.0467641949653625e-01, 4.4734091758728027e+00,
       1.0257970809936523e+01 ]
   - [ 5.4678541421890259e-01, 4.5852546691894531e+00,
       9.9803752899169922e+00 ]
   - [ 1.7779859542846680e+01, -5.5645008087158203e+00,
       4.6824787139892578e+01 ]
   - [ 1.9149366378784180e+01, -6.2398309707641602e+00,
       4.5796409606933594e+01 ]
   - [ 1.9335300445556641e+01, -5.4570012092590332e+00,
       4.4065841674804688e+01 ]
   - [ 2.4211395263671875e+01, -1.2082481384277344e+01,
       4.3617164611816406e+01 ]
   - [ 1.8657743453979492e+01, 6.0127317905426025e-01,
       3.2303531646728516e+01 ]
   - [ 1.9029537200927734e+01, 5.9220868349075317e-01,
       3.1675672531127930e+01 ]
   - [ 2.2855989456176758e+01, -4.9664039611816406e+00,
       3.5901702880859375e+01 ]
   - [ 2.1803560256958008e+01, -3.3863291740417480e+00,
       3.3409759521484375e+01 ]
   - [ 2.1736492156982422e+01, -5.1488680839538574e+00,
       3.3207614898681641e+01 ]
   - [ 2.2515489578247070e+01, -7.0266094207763672e+00,
       3.2867397308349609e+01 ]
   - [ 2.2719139099121094e+01, -6.0901899337768555e+00,
       3.2318386077880859e+01 ]
   - [ 1.7759803771972656e+01, 9.2082792520523071e-01,
       2.1972944259643555e+01 ]
   - [ 1.7001035690307617e+01, 1.0362672805786133e+00,
       2.0675462722778320e+01 ]
   - [ 1.7001035690307617e+01, 1.0362672805786133e+00,
       2.0675462722778320e+01 ]
   - [ 1.6952747344970703e+01, 8.6015897989273071e-01,
       2.0239709854125977e+01 ]
   - [ -3.2521224975585938e+01, -5.8237986564636230e+00,
       4.3643974304199219e+01 ]
   - [ -3.0842798233032227e+01, -1.4937101364135742e+01,
       4.2330837249755859e+01 ]
   - [ -3.1470296859741211e+01, -6.5727925300598145e+00,
       4.3459793090820312e+01 ]
   - [ -4.7504760742187500e+01, 7.1564489603042603e-01,
       6.6235374450683594e+01 ]
   - [ -4.8325748443603516e+01, 4.2476946115493774e-01,
       6.8609649658203125e+01 ]
   - [ -2.8316833496093750e+01, -8.5192298889160156e+00,
       4.1728603363037109e+01 ]
   - [ -2.8316833496093750e+01, -8.5192298889160156e+00,
       4.1728603363037109e+01 ]
   - [ -3.1241811752319336e+01, -6.9931454658508301e+00,
       4.6285346984863281e+01 ]
   - [ -2.7337572097778320e+01, -9.5783004760742188e+00,
       4.1341121673583984e+01 ]
   - [ -2.5867553710937500e+01, -1.2051610946655273e+01,
       4.2940914154052734e+01 ]
   - [ -2.6635711669921875e+01, -1.0922101020812988e+01,
       4.4595603942871094e+01 ]
   - [ -3.7979370117187500e+01, 1.8963906764984131e+00,
       6.6251472473144531e+01 ]
   - [ -3.6505977630615234e+01, 7.8140670061111450e-01,
       6.6952400207519531e+01 ]
   - [ -2.4512510299682617e+01, -6.5175299644470215e+00,
       4.4816997528076172e+01 ]
   - [ -2.4754995346069336e+01, -9.0625743865966797e+00,
       4.5689289093017578e+01 ]
   - [ -2.4715080261230469e+01, -1.2722652435302734e+01,
       4.5690120697021484e+01 ]
   - [ -3.5962184906005859e+01, 9.1521155834197998e-01,
       6.7456741333007812e+01 ]
   - [ -2.6086078643798828e+01, -6.2263603210449219e+00,
       5.0293273925781250e+01 ]
   - [ -2.5493005752563477e+01, -6.0857419967651367e+00,
       4.9186714172363281e+01 ]
   - [ -2.5723606109619141e+01, -6.8104834556579590e+00,
       5.0394500732421875e+01 ]
   - [ -2.5723606109619141e+01, -6.8104834556579590e+00,
       5.0394500732421875e+01 ]
   - [ -2.3795726776123047e+01, -1.2398965835571289e+01,
       4.7766704559326172e+01 ]
   - [ -2.5147775650024414e+01, -6.3894696235656738e+00,
       5.0491157531738281e+01 ]
   - [ -2.2986640930175781e+01, -1.4029544830322266e+01,
       4.6925075531005859e+01 ]
   - [ -2.3451419830322266e+01, -3.0285685062408447e+00,
       4.8019973754882812e+01 ]
   - [ -2.3013755798339844e+01, -1.3105697631835938e+01,
       4.7627925872802734e+01 ]
   - [ -2.4927598953247070e+01, -6.6916446685791016e+00,
       5.1665134429931641e+01 ]
   - [ -2.2280588150024414e+01, -1.3121068954467773e+01,
       4.9561588287353516e+01 ]
   - [ -2.1936092376708984e+01, -1.8000846862792969e+01,
       4.9892597198486328e+01 ]
   - [ -2.1216882705688477e+01, -1.0447765350341797e+01,
       5.0134735107421875e+01 ]
   - [ -2.3163936614990234e+01, -7.5728974342346191e+00,
       5.5820903778076172e+01 ]
   - [ -2.0678049087524414e+01, -7.6799736022949219e+00,
       5.1507308959960938e+01 ]
   - [ -1.9195816040039062e+01, -5.8632349967956543e+00,
       5.0597835540771484e+01 ]
   - [ -1.8802150726318359e+01, -5.1625313758850098e+00,
       5.0885211944580078e+01 ]
   - [ -1.9117441177368164e+01, -1.2616447448730469e+01,
       5.2657096862792969e+01 ]
   - [ -1.9080549240112305e+01, -5.9230256080627441e+00,
       5.3381950378417969e+01 ]
   - [ -1.6969329833984375e+01, -1.2679836273193359e+01,
       5.3643207550048828e+01 ]
   - [ -1.6970615386962891e+01, -1.1847195625305176e+01,
       5.4379272460937500e+01 ]
   - [ -1.5059409141540527e+01, -8.1233081817626953e+00,
       5.4760135650634766e+01 ]
   - [ -1.3661633491516113e+01, -8.7928056716918945e+00,
       5.6078090667724609e+01 ]
   - [ -1.2483709335327148e+01, -8.8510837554931641e+00,
       5.5969642639160156e+01 ]
   - [ -6.8186845779418945e+00, -1.2105464935302734e+01,
       5.8150909423828125e+01 ]
   - [ -1.8989611864089966e+00, 4.9559817314147949e+00,
       1.0127153396606445e+01 ]
   - [ -4.8989181518554688e+00, -1.4411656379699707e+01,
       5.9297351837158203e+01 ]
   - [ -1.6875211000442505e+00, 5.2431678771972656e+00,
       1.0177738189697266e+01 ]
   - [ -3.5222048759460449e+00, -8.3638010025024414e+00,
       6.0301521301269531e+01 ]
   - [ -3.2383322715759277e+00, -1.2507655143737793e+01,
       5.8060031890869141e+01 ]
   - [ -3.8347005844116211e+00, 4.0288066864013672e+00,
       7.4222335815429688e+01 ]
   - [ -1.9854800701141357e+00, -1.3334447860717773e+01,
       5.9568244934082031e+01 ]
   - [ -1.1947941780090332e+00, -1.5144810676574707e+01,
       5.9640377044677734e+01 ]
   - [ -1.0374903678894043e+00, -1.1364682197570801e+01,
       5.7597988128662109e+01 ]
   - [ -9.9849069118499756e-01, 4.4255218505859375e+00,
       1.0255597114562988e+01 ]
   - [ 9.5387470722198486e-01, -1.3594549179077148e+01,
       5.8269115447998047e+01 ]
   - [ 1.3298685550689697e+00, -2.4595584869384766e+01,
       6.0635822296142578e+01 ]
   - [ 1.3298685550689697e+00, -2.4595584869384766e+01,
       6.0635822296142578e+01 ]
   - [ 6.0510563850402832e+00, 2.4075949192047119e+00,
       5.3162879943847656e+01 ]
   - [ 4.4591370224952698e-01, 4.5633630752563477e+00,
       1.0204706192016602e+01 ]
   - [ 7.2348232269287109e+00, -1.9165351867675781e+01,
       5.8574535369873047e+01 ]
   - [ 8.8611249923706055e+00, -1.7745332717895508e+01,
       5.8969982147216797e+01 ]
   - [ 9.1729640960693359e+00, -1.6178146362304688e+01,
       5.7256488800048828e+01 ]
   - [ 9.4933385848999023e+00, -1.1773299217224121e+01,
       5.4733600616455078e+01 ]
   - [ 1.0654593467712402e+01, -2.1504964828491211e+01,
       5.8598350524902344e+01 ]
   - [ 1.1044332504272461e+01, -1.6708375930786133e+01,
       5.6750644683837891e+01 ]
   - [ 1.1106594085693359e+01, -1.8039131164550781e+01,
       5.5853336334228516e+01 ]
   - [ 1.1902284622192383e+01, -2.2151304244995117e+01,
       5.8247898101806641e+01 ]
   - [ 1.1192917823791504e+01, -1.2296513557434082e+01,
       5.3572555541992188e+01 ]
   - [ 1.2528141975402832e+01, -1.7838888168334961e+01,
       5.5514114379882812e+01 ]
   - [ 1.4949870109558105e+00, 4.3192830085754395e+00,
       9.9291286468505859e+00 ]
   - [ 1.4949870109558105e+00, 4.3192830085754395e+00,
       9.9291286468505859e+00 ]
   - [ 1.2580557823181152e+01, -1.5540946960449219e+01,
       5.4933048248291016e+01 ]
   - [ 1.3800704002380371e+01, -2.1636014938354492e+01,
       5.7533210754394531e+01 ]
   - [ 1.2867283821105957e+01, -1.1620151519775391e+01,
       5.3893661499023438e+01 ]
   - [ 1.3184295654296875e+01, -1.3174365997314453e+01,
       5.4699695587158203e+01 ]
   - [ 1.3697426795959473e+01, -2.1986175537109375e+01,
       5.6682338714599609e+01 ]
   - [ 1.4617438316345215e+01, -2.1630718231201172e+01,
       5.6650215148925781e+01 ]
   - [ 1.4035963058471680e+01, -1.5203519821166992e+01,
       5.2146301269531250e+01 ]
   - [ 9.1738338470458984e+00, 6.2957425117492676e+00,
       3.3698936462402344e+01 ]
   - [ 1.5351068496704102e+01, -1.5120670318603516e+01,
       5.4405506134033203e+01 ]
   - [ 1.6235715866088867e+01, -1.6629472732543945e+01,
       5.4435028076171875e+01 ]
   - [ 1.6265205383300781e+01, -2.0705728530883789e+01,
       5.3640922546386719e+01 ]
   - [ 1.6578680038452148e+01, -1.8318511962890625e+01,
       5.3455734252929688e+01 ]
   - [ 1.7338888168334961e+01, -1.1992113113403320e+01,
       4.9128318786621094e+01 ]
   - [ 1.8332159042358398e+01, -1.5393663406372070e+01,
       5.0441555023193359e+01 ]
   - [ 1.9516359329223633e+01, -1.3507381439208984e+01,
       4.8946502685546875e+01 ]
   - [ 2.0307054519653320e+01, -1.9006647109985352e+01,
       5.0524410247802734e+01 ]
   - [ 2.2183200836181641e+01, -1.4840307235717773e+01,
       4.5100856781005859e+01 ]
   - [ 1.2728092193603516e+01, 2.7825736999511719e+00,
       1.9934280395507812e+01 ]
   - [ 2.1625436782836914e+01, -5.1155915260314941e+00,
       3.2954738616943359e+01 ]
   - [ -2.4231739044189453e+00, 5.5696475505828857e-01,
       3.1718084812164307e+00 ]
   - [ -2.4848529815673828e+01, -6.6962614059448242e+00,
       5.1510242462158203e+01 ]
   - [ -1.9996707916259766e+01, -8.1136579513549805e+00,
       4.9455623626708984e+01 ]
   - [ -1.9781980514526367e+01, -5.6094865798950195e+00,
       4.9057357788085938e+01 ]
   - [ -2.9501051902770996e+00, 4.9041581153869629e+00,
       1.0141109466552734e+01 ]
   - [ -2.2591254711151123e+00, 5.0728883743286133e+00,
       1.0350221633911133e+01 ]
   - [ -2.1404614448547363e+00, 5.1522903442382812e+00,
       1.0389440536499023e+01 ]
   - [ -1.9143683910369873e+00, 5.1731977462768555e+00,
       1.0388414382934570e+01 ]
   - [ -1.6288570165634155e+00, 5.3286170959472656e+00,
       1.0458717346191406e+01 ]
   - [ -1.4844890594482422e+01, 8.1123924255371094e-01,
       6.7247917175292969e+01 ]
   - [ -1.3524695634841919e+00, 5.1609749794006348e+00,
       1.0474311828613281e+01 ]
   - [ -1.4209674835205078e+01, 3.9243616163730621e-02,
       6.8055397033691406e+01 ]
   - [ -1.4209674835205078e+01, 3.9243616163730621e-02,
       6.8055397033691406e+01 ]
   - [ -9.9655218124389648e+00, -1.1037254333496094e+01,
       5.8777378082275391e+01 ]
   - [ -7.0628905296325684e+00, -8.3021936416625977e+00,
       5.6905204772949219e+01 ]
   - [ -6.7995553016662598e+00, -1.4933270454406738e+01,
       5.8351051330566406e+01 ]
   - [ -3.9167827367782593e-01, 3.3171293735504150e+00,
       1.0397530555725098e+01 ]
   - [ -4.4568438529968262e+00, 4.7014389038085938e+00,
       8.3277824401855469e+01 ]
   - [ 4.2758762836456299e-01, 5.6419854164123535e+00,
       1.0231782913208008e+01 ]
   - [ 4.5257297158241272e-01, 4.6755871772766113e+00,
       1.0212717056274414e+01 ]
   - [ 1.3864604234695435e+00, 4.4502496719360352e+00,
       6.7632034301757812e+01 ]
   - [ 1.3372774124145508e+00, 4.4329414367675781e+00,
       9.8943634033203125e+00 ]
   - [ 6.0832986831665039e+00, 3.4546167850494385e+00,
       5.9367641448974609e+01 ]
   - [ 6.0832986831665039e+00, 3.4546167850494385e+00,
       5.9367641448974609e+01 ]
   - [ -3.1777880191802979e+00, -1.3035318851470947e+00,
       -1.3403653144836426e+01 ]
   - [ 1.2966815948486328e+01, 2.2333736419677734e+00,
       2.0313667297363281e+01 ]
   - [ -1.3535252571105957e+01, -7.1720037460327148e+00,
       5.4503597259521484e+01 ]
   - [ -1.0499327659606934e+01, -1.6319950103759766e+01,
       7.3111412048339844e+01 ]
   - [ -8.2038564682006836e+00, -1.2164964675903320e+01,
       5.4458530426025391e+01 ]
   - [ -4.8768234252929688e+00, -1.4269867897033691e+01,
       5.9007678985595703e+01 ]
   - [ -3.4578576087951660e+00, -1.4169833183288574e+01,
       5.7966640472412109e+01 ]
   - [ -3.2237110137939453e+00, -1.0665542602539062e+01,
       5.7582866668701172e+01 ]
   - [ 7.3105640411376953e+00, -1.9268510818481445e+01,
       5.9046394348144531e+01 ]
   - [ 8.8197727203369141e+00, -1.7619573593139648e+01,
       5.8699802398681641e+01 ]
   - [ 1.8120903015136719e+01, 9.8716521263122559e-01,
       2.1101583480834961e+01 ]
   - [ -6.0640907287597656e+01, 3.9171627163887024e-01,
       8.6254920959472656e+01 ]
   - [ -2.6647748947143555e+01, -1.2410609245300293e+01,
       4.4303436279296875e+01 ]
   - [ -2.8401487350463867e+01, -1.1663311004638672e+01,
       4.7675079345703125e+01 ]
   - [ -2.8401487350463867e+01, -1.1663311004638672e+01,
       4.7675079345703125e+01 ]
   - [ -4.6994277954101562e+01, 2.2448258399963379e+00,
       8.2419944763183594e+01 ]
   - [ -4.1294410705566406e+01, 8.4902840852737427e-01,
       7.5941413879394531e+01 ]
   - [ -2.6130661010742188e+01, -6.9855375289916992e+00,
       4.7905944824218750e+01 ]
   - [ -2.5833749771118164e+01, -1.3279186248779297e+01,
       4.7835266113281250e+01 ]
   - [ -2.5184083938598633e+01, -9.2386999130249023e+00,
       4.6544097900390625e+01 ]
   - [ -4.0730888366699219e+01, 1.0397983789443970e+00,
       7.6634422302246094e+01 ]
   - [ -4.0730888366699219e+01, 1.0397983789443970e+00,
       7.6634422302246094e+01 ]
   - [ -2.6872083663940430e+01, -7.1498875617980957e+00,
       5.2685161590576172e+01 ]
   - [ -2.6872083663940430e+01, -7.1498875617980957e+00,
       5.2685161590576172e+01 ]
   - [ -2.4397821426391602e+01, -7.5255222320556641e+00,
       4.8203491210937500e+01 ]
   - [ -2.3588577270507812e+01, -1.4337552070617676e+01,
       4.8134971618652344e+01 ]
   - [ -2.3579759597778320e+01, -7.1184740066528320e+00,
       5.0988971710205078e+01 ]
   - [ -2.1962623596191406e+01, -1.7908031463623047e+01,
       4.9903305053710938e+01 ]
   - [ -2.2506553649902344e+01, -5.8957128524780273e+00,
       5.1464782714843750e+01 ]
   - [ -2.1613536834716797e+01, -1.0643571853637695e+01,
       5.1106487274169922e+01 ]
   - [ -2.2490512847900391e+01, -7.3490686416625977e+00,
       5.4125358581542969e+01 ]
   - [ -2.0847234725952148e+01, -7.7457571029663086e+00,
       5.1920959472656250e+01 ]
   - [ -2.4382314682006836e+01, 1.1009840965270996e+00,
       7.0328315734863281e+01 ]
   - [ -1.5124195098876953e+01, -1.3063089370727539e+01,
       5.6327194213867188e+01 ]
   - [ -1.3559960365295410e+01, -8.7096090316772461e+00,
       5.5607540130615234e+01 ]
   - [ -1.4346907615661621e+01, -8.3130216598510742e+00,
       6.3274295806884766e+01 ]
   - [ -1.4346907615661621e+01, -8.3130216598510742e+00,
       6.3274295806884766e+01 ]
   - [ -1.2901363372802734e+01, -9.1383686065673828e+00,
       5.7934234619140625e+01 ]
   - [ -3.0308344364166260e+00, 4.9280829429626465e+00,
       1.0291381835937500e+01 ]
   - [ -6.7998719215393066e+00, -1.4847722053527832e+01,
       5.8151920318603516e+01 ]
   - [ -6.5864024162292480e+00, -1.1852454185485840e+01,
       6.1724864959716797e+01 ]
   - [ -1.6535362005233765e+00, 5.5958127975463867e+00,
       1.0631983757019043e+01 ]
   - [ -1.1610701084136963e+00, -1.4370176315307617e+01,
       5.6614635467529297e+01 ]
   - [ -1.0653638839721680e+00, -1.1323951721191406e+01,
       5.7562259674072266e+01 ]
   - [ -5.3995573520660400e-01, -1.3031080245971680e+01,
       5.7820484161376953e+01 ]
   - [ -1.1195577383041382e+00, 4.9492940902709961e+00,
       1.0625929832458496e+01 ]
   - [ -9.4904345273971558e-01, 4.6895985603332520e+00,
       1.0558482170104980e+01 ]
   - [ 7.1734333038330078e+00, 2.9831326007843018e+00,
       6.2357498168945312e+01 ]
   - [ 2.0065924525260925e-01, 4.4736433029174805e+00,
       1.0311895370483398e+01 ]
   - [ 8.5952816009521484e+00, -1.7242551803588867e+01,
       5.7408653259277344e+01 ]
   - [ 9.1501960754394531e+00, -1.6123100280761719e+01,
       5.7131237030029297e+01 ]
   - [ 9.9927835464477539e+00, -2.0270792007446289e+01,
       5.5244529724121094e+01 ]
   - [ 1.1566763877868652e+01, -2.1526100158691406e+01,
       5.6642951965332031e+01 ]
   - [ 1.1607102394104004e+01, -1.2713196754455566e+01,
       5.5463241577148438e+01 ]
   - [ 1.2347769737243652e+01, -1.7589460372924805e+01,
       5.4760913848876953e+01 ]
   - [ 1.3007956743240356e+00, 4.5877623558044434e+00,
       9.9353313446044922e+00 ]
   - [ 1.2689142227172852e+00, 4.3657455444335938e+00,
       9.7195224761962891e+00 ]
   - [ 1.4220054149627686e+00, 4.2427291870117188e+00,
       9.6915197372436523e+00 ]
   - [ 1.0511404991149902e+01, 7.8378410339355469e+00,
       3.8576686859130859e+01 ]
   - [ 1.6379056930541992e+01, -5.1701936721801758e+00,
       4.3341320037841797e+01 ]
   - [ 1.9390214920043945e+01, -1.8233997344970703e+01,
       4.8368343353271484e+01 ]
   - [ 1.8422229766845703e+01, -6.0255465507507324e+00,
       4.4180755615234375e+01 ]
   - [ 1.8021974563598633e+01, -5.1308922767639160e+00,
       4.1239803314208984e+01 ]
   - [ 1.8884712219238281e+01, 6.2756830453872681e-01,
       3.2737571716308594e+01 ]
   - [ 2.0756149291992188e+01, -3.2649557590484619e+00,
       3.1891309738159180e+01 ]
   - [ 1.2245923042297363e+01, 2.8215575218200684e+00,
       1.9288883209228516e+01 ]
   - [ 1.2245923042297363e+01, 2.8215575218200684e+00,
       1.9288883209228516e+01 ]
   - [ 1.2245923042297363e+01, 2.8215575218200684e+00,
       1.9288883209228516e+01 ]
   - [ 1.2448986053466797e+01, 2.1721224784851074e+00,
       1.9558591842651367e+01 ]
   - [ 2.1568399429321289e+01, -6.7860088348388672e+00,
       3.1522407531738281e+01 ]
   - [ 2.2586671829223633e+01, -6.0800719261169434e+00,
       3.2074119567871094e+01 ]
   - [ 1.9295215606689453e+01, 1.0340679436922073e-01,
       2.6833513259887695e+01 ]
   - [ 1.5335650444030762e+01, 1.6930017471313477e+00,
       2.0997238159179688e+01 ]
   - [ 1.7640907287597656e+01, 9.2100727558135986e-01,
       2.1848030090332031e+01 ]
   - [ 1.7206369400024414e+01, 1.0541573762893677e+00,
       2.0941936492919922e+01 ]
   - [ 1.7206369400024414e+01, 1.0541573762893677e+00,
       2.0941936492919922e+01 ]
   - [ -2.0864526748657227e+01, -8.4824151992797852e+00,
       5.1643341064453125e+01 ]
   - [ -1.9484750747680664e+01, -6.1253395080566406e+00,
       5.4673675537109375e+01 ]
   - [ -3.1152286529541016e+00, 5.2194762229919434e+00,
       1.1354864120483398e+01 ]
   - [ -3.1152286529541016e+00, 5.2194762229919434e+00,
       1.1354864120483398e+01 ]
   - [ -3.1149818897247314e+00, 5.2271065711975098e+00,
       1.1360590934753418e+01 ]
   - [ -2.9619669914245605e+00, 5.2731294631958008e+00,
       1.1357317924499512e+01 ]
   - [ -2.2031805515289307e+00, 5.5493602752685547e+00,
       1.1313234329223633e+01 ]
   - [ 2.2817614078521729e+00, 6.1596732139587402e+00,
       8.6220848083496094e+01 ]
   - [ 4.5140227675437927e-01, 4.6719455718994141e+00,
       1.0269591331481934e+01 ]
   - [ 7.1942863464355469e+00, 4.4587244987487793e+00,
       6.9022895812988281e+01 ]
   - [ 9.0149158239364624e-01, 3.0427579879760742e+00,
       1.0012755393981934e+01 ]
   - [ 8.5183439254760742e+00, -1.3031601905822754e+01,
       5.5519229888916016e+01 ]
   - [ 1.2995461463928223e+01, -1.2935906410217285e+01,
       5.3802505493164062e+01 ]
   - [ 1.6037141799926758e+01, -1.6424985885620117e+01,
       5.3814544677734375e+01 ]
   - [ 2.1438107490539551e+00, 3.7591221332550049e+00,
       8.4893531799316406e+00 ]
   - [ 1.6115154266357422e+01, -5.9433112144470215e+00,
       4.5957408905029297e+01 ]
   - [ 2.6592633724212646e+00, 4.2321944236755371e+00,
       7.4869089126586914e+00 ]
   - [ 2.8811004161834717e+00, 3.3297364711761475e+00,
       7.2566633224487305e+00 ]
   - [ 2.1684053421020508e+01, -4.8363842964172363e+00,
       3.4067871093750000e+01 ]
   - [ -3.3083999633789062e+01, 1.4163507223129272e+00,
       8.8872856140136719e+01 ]
   - [ -3.3083999633789062e+01, 1.4163507223129272e+00,
       8.8872856140136719e+01 ]
   - [ -2.5522102355957031e+01, -6.8442015647888184e+00,
       6.9030136108398438e+01 ]
   - [ -1.7868888854980469e+01, -1.3304217338562012e+01,
       5.7101287841796875e+01 ]
   - [ -1.6617887496948242e+01, 1.2192054986953735e+00,
       7.6630111694335938e+01 ]
   - [ -1.5165616989135742e+01, 2.6975661516189575e-01,
       7.2999763488769531e+01 ]
   - [ -1.1448745727539062e+01, 2.1317000687122345e-01,
       6.3826465606689453e+01 ]
   - [ -1.1448745727539062e+01, 2.1317000687122345e-01,
       6.3826465606689453e+01 ]
   - [ -7.6208796501159668e+00, 4.6093115806579590e+00,
       9.8254730224609375e+01 ]
   - [ -7.5614228248596191e+00, 1.1822535514831543e+01,
       1.4847583007812500e+02 ]
   - [ -4.7271556854248047e+00, 1.0287837982177734e+01,
       1.2977201843261719e+02 ]
   - [ -3.1551530361175537e+00, 4.4754672050476074e+00,
       1.1926489830017090e+01 ]
   - [ -3.1551530361175537e+00, 4.4754672050476074e+00,
       1.1926489830017090e+01 ]
   - [ -2.7875163555145264e+00, 4.5193681716918945e+00,
       1.1975134849548340e+01 ]
   - [ 8.1498155593872070e+00, 4.8170509338378906e+00,
       8.0688217163085938e+01 ]
   - [ -2.3608191013336182e+00, 5.4634032249450684e+00,
       1.1925220489501953e+01 ]
   - [ -2.2327144145965576e+00, 5.4845752716064453e+00,
       1.1645457267761230e+01 ]
   - [ -1.5994499921798706e+00, 5.3891134262084961e+00,
       1.1360326766967773e+01 ]
   - [ -1.5407608747482300e+00, 4.9701519012451172e+00,
       1.1237104415893555e+01 ]
   - [ 9.8902482986450195e+00, -1.2038025856018066e+01,
       5.6589687347412109e+01 ]
   - [ 6.6624778747558594e+01, 6.9098579406738281e+01,
       2.9518310546875000e+02 ]
   - [ 6.6624778747558594e+01, 6.9098579406738281e+01,
       2.9518310546875000e+02 ]
   - [ -1.3078396320343018e+00, 4.6340608596801758e+00,
       1.1326347351074219e+01 ]
   - [ -1.2117639780044556e+00, 4.4403877258300781e+00,
       1.1157795906066895e+01 ]
   - [ -1.1786727905273438e+00, 4.7776145935058594e+00,
       1.1218855857849121e+01 ]
   - [ -9.4287890195846558e-01, 4.5765466690063477e+00,
       1.0945414543151855e+01 ]
   - [ 2.2965647280216217e-01, 4.0097289085388184e+00,
       9.8260593414306641e+00 ]
   - [ 2.7598923444747925e-01, 5.5223784446716309e+00,
       9.9370279312133789e+00 ]
   - [ 7.8872194290161133e+00, 2.2185742855072021e+00,
       2.6401927947998047e+01 ]
   - [ 4.1731870174407959e-01, 2.8043661117553711e+00,
       9.7947998046875000e+00 ]
   - [ 1.8631517410278320e+01, -1.1581943511962891e+01,
       4.8727691650390625e+01 ]
   - [ 1.9496181488037109e+01, -1.3614178657531738e+01,
       4.8843742370605469e+01 ]
   - [ 8.2437843084335327e-01, 3.7839260101318359e+00,
       9.0509853363037109e+00 ]
   - [ 1.9223590850830078e+01, 4.5030965805053711e+00,
       4.0730361938476562e+01 ]
   - [ 1.9806684494018555e+01, -4.6506881713867188e+00,
       3.9470207214355469e+01 ]
   - [ 2.0731008529663086e+01, -1.8079130172729492e+01,
       4.0729080200195312e+01 ]
   - [ 1.1447863578796387e+00, 4.2749357223510742e+00,
       8.5219192504882812e+00 ]
   - [ 1.8952800750732422e+01, 9.2510223388671875e-01,
       3.4291503906250000e+01 ]
   - [ 2.3492341995239258e+01, -1.8501388549804688e+01,
       4.0416069030761719e+01 ]
   - [ 2.0884180068969727e+01, -4.1322507858276367e+00,
       3.6495365142822266e+01 ]
   - [ 1.9386508941650391e+01, 4.1069594025611877e-01,
       3.3322303771972656e+01 ]
   - [ 1.9932071685791016e+01, 7.9149037599563599e-01,
       3.3056041717529297e+01 ]
   - [ 1.5832178115844727e+01, 4.0398697853088379e+00,
       2.3348476409912109e+01 ]
   - [ 1.9624631881713867e+01, 5.6897297501564026e-02,
       2.6290996551513672e+01 ]
   - [ 1.9624631881713867e+01, 5.6897297501564026e-02,
       2.6290996551513672e+01 ]
   - [ 1.7445011138916016e+01, 2.1209867000579834e+00,
       2.3467586517333984e+01 ]
   - [ 1.7445011138916016e+01, 2.1209867000579834e+00,
       2.3467586517333984e+01 ]
   - [ 1.5521117210388184e+01, 2.1934683322906494e+00,
       1.9962997436523438e+01 ]
   - [ 1.5521117210388184e+01, 2.1934683322906494e+00,
       1.9962997436523438e+01 ]
   - [ 1.6260414123535156e+01, 1.2249009609222412e+00,
       1.7451622009277344e+01 ]
   - [ 2.6915855407714844e+01, -1.3085236549377441e+01,
       2.5556640625000000e+01 ]
   - [ 2.5562389373779297e+01, -1.1603970527648926e+01,
       2.3862091064453125e+01 ]
   - [ 2.4364282608032227e+01, -1.0444729804992676e+01,
       2.2546085357666016e+01 ]
   - [ 1.6442159652709961e+01, 6.3777720928192139e-01,
       1.5850592613220215e+01 ]
   - [ 2.5596544265747070e+01, -1.1039156913757324e+01,
       2.2939556121826172e+01 ]
   - [ 2.8504432678222656e+01, -1.0424973487854004e+01,
       2.3514211654663086e+01 ]
   - [ 2.7839227676391602e+01, -1.2120676040649414e+01,
       2.2387825012207031e+01 ]
   - [ 1.6352352142333984e+01, 2.3271377384662628e-01,
       1.3574156761169434e+01 ]
   - [ 1.5669020652770996e+01, 4.8835209012031555e-01,
       1.2808601379394531e+01 ]
   - [ 1.5865119934082031e+01, 1.7013718187808990e-01,
       1.2753991127014160e+01 ]
   - [ 1.4156858444213867e+01, 3.2018262147903442e-01,
       1.1044169425964355e+01 ]
   - [ 1.9595861434936523e+01, -4.7403626441955566e+00,
       1.3658344268798828e+01 ]
   - [ 1.3654591560363770e+01, 2.4109315872192383e-01,
       1.0095655441284180e+01 ]
   - [ 1.4644634246826172e+01, -3.9660952985286713e-02,
       1.0631299018859863e+01 ]
   - [ -2.0577980041503906e+01, -5.9744029045104980e+00,
       5.0765285491943359e+01 ]
   - [ -2.0265233993530273e+01, -5.8706936836242676e+00,
       4.9900356292724609e+01 ]
   - [ -8.4522752761840820e+00, -1.2561890602111816e+01,
       5.6043781280517578e+01 ]
   - [ -8.1551151275634766e+00, -1.1825053215026855e+01,
       5.3187862396240234e+01 ]
   - [ -7.1191735267639160e+00, -8.2392606735229492e+00,
       5.6027736663818359e+01 ]
   - [ -6.6885199546813965e+00, -1.1538732528686523e+01,
       5.5800670623779297e+01 ]
   - [ 8.1168279647827148e+00, 5.2633433341979980e+00,
       7.5552818298339844e+01 ]
   - [ 8.4093351364135742e+00, 4.0276751518249512e+00,
       7.1737442016601562e+01 ]
   - [ -2.2957377433776855e+00, 5.5704917907714844e+00,
       1.1298160552978516e+01 ]
   - [ -1.3731251955032349e+00, 5.2336387634277344e+00,
       1.1041550636291504e+01 ]
   - [ 3.5489413142204285e-01, 4.4347729682922363e+00,
       1.0037455558776855e+01 ]
   - [ 2.2099031448364258e+01, -1.4926731109619141e+01,
       4.4861621856689453e+01 ]
   - [ 2.0489500045776367e+01, 1.6432519257068634e-01,
       2.8297513961791992e+01 ]
   - [ 2.3027338981628418e+00, 4.0896787643432617e+00,
       7.0327391624450684e+00 ]
   - [ -3.4768066406250000e+01, 9.9750006198883057e-01,
       7.6846023559570312e+01 ]
   - [ -3.4768066406250000e+01, 9.9750006198883057e-01,
       7.6846023559570312e+01 ]
   - [ -2.3747871398925781e+01, -5.7914447784423828e+00,
       5.2456134796142578e+01 ]
   - [ -2.0083280563354492e+01, -8.1752147674560547e+00,
       4.9279705047607422e+01 ]
   - [ -1.9258569717407227e+01, -5.4566168785095215e+00,
       5.2019771575927734e+01 ]
   - [ -1.6653587341308594e+01, -1.2292339324951172e+01,
       5.2097148895263672e+01 ]
   - [ -1.6536102294921875e+01, -1.1434095382690430e+01,
       5.2441650390625000e+01 ]
   - [ -1.6098966598510742e+01, -1.4236215591430664e+01,
       6.0726097106933594e+01 ]
   - [ -1.3424970626831055e+01, -8.5557756423950195e+00,
       5.4626930236816406e+01 ]
   - [ -1.3782491683959961e+01, -7.9197530746459961e+00,
       6.0284336090087891e+01 ]
   - [ -9.8043813705444336e+00, -1.0652428627014160e+01,
       5.6853290557861328e+01 ]
   - [ -2.9457883834838867e+00, 5.0259799957275391e+00,
       1.1057975769042969e+01 ]
   - [ -5.9966378211975098e+00, -1.0294056892395020e+01,
       5.3522899627685547e+01 ]
   - [ -2.5730090141296387e+00, 5.4535174369812012e+00,
       1.0991087913513184e+01 ]
   - [ -2.0308554172515869e+00, -1.2688213348388672e+01,
       5.6981018066406250e+01 ]
   - [ -1.1748077869415283e+00, 4.9123973846435547e+00,
       1.0853021621704102e+01 ]
   - [ -1.1748077869415283e+00, 4.9123973846435547e+00,
       1.0853021621704102e+01 ]
   - [ -9.9235475063323975e-01, 4.6338405609130859e+00,
       1.0763030052185059e+01 ]
   - [ 8.0682411193847656e+00, -1.2552544593811035e+01,
       5.3482265472412109e+01 ]
   - [ 8.7038984298706055e+00, -1.5469505310058594e+01,
       5.4904220581054688e+01 ]
   - [ 9.6257963180541992e+00, -1.9789739608764648e+01,
       5.3970840454101562e+01 ]
   - [ 1.0906221389770508e+01, -1.6502925872802734e+01,
       5.6276241302490234e+01 ]
   - [ 9.8717947006225586e+00, -1.6388309478759766e+01,
       5.0797828674316406e+01 ]
   - [ 5.0939881801605225e-01, 3.0196969509124756e+00,
       1.0057770729064941e+01 ]
   - [ 1.5931385040283203e+01, -1.6319831848144531e+01,
       5.3520500183105469e+01 ]
   - [ 1.6988283157348633e+01, -1.8700153350830078e+01,
       5.4628608703613281e+01 ]
   - [ 1.8796075820922852e+01, -5.2982945442199707e+00,
       4.2769935607910156e+01 ]
   - [ 1.6250600814819336e+01, 3.5290539264678955e+00,
       3.5323474884033203e+01 ]
   - [ 1.8906417846679688e+01, -9.8784513473510742e+00,
       3.4688266754150391e+01 ]
   - [ 2.5959007740020752e+00, 3.5124731063842773e+00,
       7.3475494384765625e+00 ]
   - [ 1.9624454498291016e+01, 7.0991760492324829e-01,
       3.2548507690429688e+01 ]
   - [ 1.8192892074584961e+01, 1.1569331884384155e+00,
       2.1942478179931641e+01 ]
Colors:
   - [ 252, 255, 255 ]
   - [ 73, 63, 55 ]
   - [ 115, 120, 116 ]
   - [ 112, 112, 112 ]
   - [ 19, 10, 8 ]
   - [ 84, 83, 80 ]
   - [ 15, 10, 8 ]
   - [ 91, 83, 81 ]
   - [ 27, 19, 16 ]
   - [ 26, 16, 13 ]
   - [ 67, 61, 59 ]
   - [ 57, 52, 48 ]
   - [ 78, 75, 73 ]
   - [ 17, 12, 10 ]
   - [ 16, 16, 16 ]
   - [ 81, 72, 69 ]
   - [ 45, 30, 26 ]
   - [ 45, 30, 26 ]
   - [ 78, 69, 65 ]
   - [ 231, 252, 244 ]
   - [ 222, 216, 189 ]
   - [ 248, 255, 254 ]
   - [ 31, 28, 24 ]
   - [ 75, 73, 69 ]
   - [ 145, 169, 169 ]
   - [ 145, 169, 169 ]
   - [ 232, 255, 254 ]
   - [ 206, 250, 251 ]
   - [ 165, 185, 182 ]
   - [ 187, 228, 235 ]
   - [ 77, 75, 68 ]
   - [ 74, 72, 65 ]
