%YAML:1.0
---
Camera Count: 8
Point Count: 441
Rotations:
   - !!opencv-matrix
      rows: 3
      cols: 3
      dt: d
      data: [ 1., 0., 0., 0., 1., 0., 0., 0., 1. ]
   - !!opencv-matrix
      rows: 3
      cols: 3
      dt: d
      data: [ 9.9967947614803654e-01, -1.4847705526238597e-03,
          -2.5273314479795569e-02, 1.2057947529326429e-03,
          9.9993821968262919e-01, -1.1050017056379161e-02,
          2.5288159826337683e-02, 1.1016000832359235e-02,
          9.9961950596127269e-01 ]
   - !!opencv-matrix
      rows: 3
      cols: 3
      dt: d
      data: [ 8.6952445609799711e-01, -2.1670628332066871e-01,
          -4.4380807452864635e-01, 2.6702085898515515e-01,
          9.6221462839719329e-01, 5.3318568672471291e-02,
          4.1548415266326622e-01, -1.6486781271004119e-01,
          8.9453424932637127e-01 ]
   - !!opencv-matrix
      rows: 3
      cols: 3
      dt: d
      data: [ 9.1142908342708329e-01, -1.7395894464942585e-01,
          -3.7287439099477560e-01, 2.1238066807541039e-01,
          9.7507429935029744e-01, 6.4222757449122592e-02,
          3.5240811243657422e-01, -1.3772580122469594e-01,
          9.2565659181248550e-01 ]
   - !!opencv-matrix
      rows: 3
      cols: 3
      dt: d
      data: [ 9.3741845317496442e-01, -1.3737641945103268e-01,
          -3.1995993972038306e-01, 1.7355116182934760e-01,
          9.8094830711015335e-01, 8.7294976976959177e-02,
          3.0187188983862145e-01, -1.3736134156500568e-01,
          9.4340088189948235e-01 ]
   - !!opencv-matrix
      rows: 3
      cols: 3
      dt: d
      data: [ 9.6784254804393655e-01, -1.4120052896111632e-01,
          -2.0819032834625456e-01, 1.6452000620115667e-01,
          9.8136932238981345e-01, 9.9234170685957440e-02,
          1.9029968406540171e-01, -1.3029452672027061e-01,
          9.7304129745419798e-01 ]
   - !!opencv-matrix
      rows: 3
      cols: 3
      dt: d
      data: [ 8.3353125103462511e-01, -9.4109383336536692e-02,
          -5.4439790366667429e-01, 1.8429398820941906e-01,
          9.7630732923120234e-01, 1.1340072662599257e-01,
          5.2082759091518882e-01, -1.9485231037237763e-01,
          8.3112646311137717e-01 ]
   - !!opencv-matrix
      rows: 3
      cols: 3
      dt: d
      data: [ 7.7659693387874851e-01, -5.7975164498878684e-02,
          -6.2732454327202480e-01, 1.8507994008947939e-01,
          9.7281259871296277e-01, 1.3921588832387877e-01,
          6.0219815515044661e-01, -2.2421982090497694e-01,
          7.6621332137123443e-01 ]
Motions:
   - !!opencv-matrix
      rows: 3
      cols: 1
      dt: d
      data: [ 0., 0., 0. ]
   - !!opencv-matrix
      rows: 3
      cols: 1
      dt: d
      data: [ 8.9541568094130763e-01, 4.4497350888956261e-01,
          1.5143801072540052e-02 ]
   - !!opencv-matrix
      rows: 3
      cols: 1
      dt: d
      data: [ 1.8519141462121215e+01, -1.0635979488700447e+00,
          6.4944511205632010e+00 ]
   - !!opencv-matrix
      rows: 3
      cols: 1
      dt: d
      data: [ 1.5505538561934848e+01, -1.0757871926129414e+00,
          5.9020061793808862e+00 ]
   - !!opencv-matrix
      rows: 3
      cols: 1
      dt: d
      data: [ 1.3204711464216491e+01, -1.5660869700833393e+00,
          6.3000736357232077e+00 ]
   - !!opencv-matrix
      rows: 3
      cols: 1
      dt: d
      data: [ 9.4459610481652518e+00, -1.7992856146280980e+00,
          5.3814447817342472e+00 ]
   - !!opencv-matrix
      rows: 3
      cols: 1
      dt: d
      data: [ 1.1591413516582117e+01, -2.1729264631987686e+00,
          8.7291654463843678e+00 ]
   - !!opencv-matrix
      rows: 3
      cols: 1
      dt: d
      data: [ 1.0747416604377394e+01, -2.1025143091082250e+00,
          9.6156423051827904e+00 ]
Points:
   - [ -5.9416637420654297e+00, -2.6982090473175049e+00,
       1.2226121902465820e+01 ]
   - [ -5.6703243255615234e+00, -3.4937977790832520e+00,
       1.2485599517822266e+01 ]
   - [ -3.8316378593444824e+00, -1.2214096784591675e+00,
       1.3647121429443359e+01 ]
   - [ -3.8641824722290039e+00, -4.1056817770004272e-01,
       1.3860173225402832e+01 ]
   - [ -9.3815622329711914e+00, 1.5685524940490723e+01,
       3.5269496917724609e+01 ]
   - [ -8.7906274795532227e+00, 1.5756448745727539e+01,
       3.5293781280517578e+01 ]
   - [ -8.0048322677612305e+00, 1.6519170761108398e+01,
       3.4865730285644531e+01 ]
   - [ -8.0048322677612305e+00, 1.6519170761108398e+01,
       3.4865730285644531e+01 ]
   - [ -3.1863658428192139e+00, -2.9483602046966553e+00,
       1.4278477668762207e+01 ]
   - [ -3.1714026927947998e+00, -2.2500164508819580e+00,
       1.4301216125488281e+01 ]
   - [ -3.0816185474395752e+00, -1.9540370702743530e+00,
       1.4379387855529785e+01 ]
   - [ -7.4786233901977539e+00, 1.7515115737915039e+01,
       3.5168594360351562e+01 ]
   - [ -2.8856964111328125e+00, -2.7064261436462402e+00,
       1.4285693168640137e+01 ]
   - [ -2.8856964111328125e+00, -2.7064261436462402e+00,
       1.4285693168640137e+01 ]
   - [ -2.5996599197387695e+00, -3.0113549232482910e+00,
       1.4481480598449707e+01 ]
   - [ -2.3903775215148926e+00, -2.1230099201202393e+00,
       1.4628972053527832e+01 ]
   - [ -5.3182268142700195e+00, 1.8049610137939453e+01,
       3.4972694396972656e+01 ]
   - [ -5.3182268142700195e+00, 1.8049610137939453e+01,
       3.4972694396972656e+01 ]
   - [ -2.0828235149383545e+00, -1.6837662085890770e-02,
       1.4082352638244629e+01 ]
   - [ -4.6933827400207520e+00, 1.5632450103759766e+01,
       3.5013454437255859e+01 ]
   - [ -4.3847322463989258e+00, 1.7432331085205078e+01,
       3.4948562622070312e+01 ]
   - [ -4.2438950538635254e+00, 1.5870368957519531e+01,
       3.5377120971679688e+01 ]
   - [ -4.1133208274841309e+00, 1.6284950256347656e+01,
       3.5208419799804688e+01 ]
   - [ -1.4600635766983032e+00, -1.1387878656387329e+00,
       1.4590764045715332e+01 ]
   - [ -1.4322656393051147e+00, -2.1477930545806885e+00,
       1.4809146881103516e+01 ]
   - [ -1.4320017099380493e+00, -3.1138880252838135e+00,
       1.4882358551025391e+01 ]
   - [ -2.2251265048980713e+00, 1.2904702186584473e+01,
       3.5305065155029297e+01 ]
   - [ -6.1520886421203613e-01, -1.1767020225524902e+00,
       1.5006139755249023e+01 ]
   - [ -6.1520886421203613e-01, -1.1767020225524902e+00,
       1.5006139755249023e+01 ]
   - [ -5.8407956361770630e-01, -1.6334376335144043e+00,
       1.4983290672302246e+01 ]
   - [ -5.4060107469558716e-01, -2.6354260444641113e+00,
       1.4928074836730957e+01 ]
   - [ -2.7731132507324219e-01, -3.9235930442810059e+00,
       1.5005477905273438e+01 ]
   - [ -2.2861699759960175e-01, 4.3753591179847717e-01,
       1.4809118270874023e+01 ]
   - [ -1.8599860370159149e-01, -1.5419286489486694e+00,
       1.4921645164489746e+01 ]
   - [ -2.1921353414654732e-02, -1.2896382808685303e+00,
       1.4901490211486816e+01 ]
   - [ -2.1921353414654732e-02, -1.2896382808685303e+00,
       1.4901490211486816e+01 ]
   - [ 1.4050140744075179e-03, -3.8116090297698975e+00,
       1.5103594779968262e+01 ]
   - [ 1.4050140744075179e-03, -3.8116090297698975e+00,
       1.5103594779968262e+01 ]
   - [ 2.5893494486808777e-01, -1.6097054481506348e+00,
       1.5139241218566895e+01 ]
   - [ 6.5378224849700928e-01, 1.4932467460632324e+01,
       3.4280509948730469e+01 ]
   - [ 4.7568321228027344e-01, 2.9671448469161987e-01,
       1.5209103584289551e+01 ]
   - [ 4.7998777031898499e-01, -2.2185549605637789e-03,
       1.5224299430847168e+01 ]
   - [ 5.5400949716567993e-01, 1.3721156120300293e-01,
       1.5202196121215820e+01 ]
   - [ 5.5381822586059570e-01, -3.9135432243347168e+00,
       1.5220388412475586e+01 ]
   - [ 5.5381822586059570e-01, -3.9135432243347168e+00,
       1.5220388412475586e+01 ]
   - [ 5.8419007062911987e-01, -3.3463554382324219e+00,
       1.4859475135803223e+01 ]
   - [ 1.4260015487670898e+00, 1.5115458488464355e+01,
       3.3831020355224609e+01 ]
   - [ 1.4781631231307983e+00, 1.5698654174804688e+01,
       3.4244407653808594e+01 ]
