%YAML:1.0
---
Camera Count: 2
Point Count: 6
Rotations:
   - !!opencv-matrix
      rows: 3
      cols: 3
      dt: f
      data: [ 1., 0., 0., 0., 1., 0., 0., 0., 1. ]
   - !!opencv-matrix
      rows: 3
      cols: 3
      dt: d
      data: [ 9.1879451930225631e-01, 1.8717705900944044e+00,
          1.0941324001965472e-02, -5.0701907802655748e-03,
          7.8922006556257951e-01, -1.4538965374044907e-02,
          -8.1515221669536245e-02, 4.3440632442241434e+00,
          1.1949762568083215e+00 ]
Motions:
   - !!opencv-matrix
      rows: 3
      cols: 1
      dt: f
      data: [ 0., 0., 0. ]
   - !!opencv-matrix
      rows: 3
      cols: 1
      dt: d
      data: [ -1.9246782576497745e-01, 2.5097494698096565e-02,
          -4.8172191365872136e-01 ]
Points:
   - [ 2.4351198430326745e-01, 1.2884071413721035e-01,
       -7.5777770154356650e-01 ]
   - [ 1.0525320624460054e-01, 1.7876896319685504e-01,
       -8.5527395539148154e-01 ]
   - [ 1.8210833153933115e-01, 1.8849716082935072e-01,
       -8.3095537073832904e-01 ]
   - [ 3.3816147825295134e-01, 1.7227023734680447e-01,
       -6.9534682150526483e-01 ]
   - [ 2.9472923112089788e-01, 1.8192602815496398e-01,
       -7.2686243334524470e-01 ]
   - [ 5.7475692673338193e-02, 2.1694706310936904e-01,
       -9.0968989591911831e-01 ]
Colors:
   - [ 0, 0, 255 ]
   - [ 0, 0, 255 ]
   - [ 0, 255, 255 ]
   - [ 0, 255, 255 ]
   - [ 255, 0, 0 ]
   - [ 255, 0, 0 ]
