%YAML:1.0
---
Camera Count: 10
Point Count: 73
Rotations:
   - !!opencv-matrix
      rows: 3
      cols: 3
      dt: d
      data: [ 1., 0., 0., 0., 1., 0., 0., 0., 1. ]
   - !!opencv-matrix
      rows: 3
      cols: 3
      dt: d
      data: [ 9.6386921011460902e-01, 2.5715540630074302e-01,
          -6.9478362123325199e-02, -2.0338498866867205e-01,
          8.7890178149800890e-01, 4.3146981918075156e-01,
          1.7201945290368834e-01, -4.0174961790887365e-01,
          8.9944791529737278e-01 ]
   - !!opencv-matrix
      rows: 3
      cols: 3
      dt: d
      data: [ 9.9984147505034182e-01, 3.9825540587302734e-03,
          -1.7354078262078975e-02, -4.0326471602580016e-03,
          9.9998780044176305e-01, -2.8524944391886235e-03,
          1.7342506336684271e-02, 2.9220251220736237e-03,
          9.9984533766135442e-01 ]
   - !!opencv-matrix
      rows: 3
      cols: 3
      dt: d
      data: [ 9.9981013344022474e-01, 1.1865092557241311e-02,
          -1.5456928829759457e-02, -1.2035362167659261e-02,
          9.9986739911568456e-01, -1.0969696583310252e-02,
          1.5324722762042008e-02, 1.1153643541223640e-02,
          9.9982035841846184e-01 ]
   - !!opencv-matrix
      rows: 3
      cols: 3
      dt: d
      data: [ 9.9983561286209244e-01, 4.0759862452770749e-03,
          -1.7667302816562654e-02, -4.0820300460528919e-03,
          9.9999162164973132e-01, -3.0604091843357620e-04,
          1.7665907375137575e-02, 3.7810907017299389e-04,
          9.9984387418743736e-01 ]
   - !!opencv-matrix
      rows: 3
      cols: 3
      dt: d
      data: [ 9.9982038053037237e-01, 1.4803074422392204e-02,
          -1.1835356511174150e-02, -1.4877960861686208e-02,
          9.9986969244283019e-01, -6.2645362860178945e-03,
          1.1741079877914756e-02, 6.4394970242898086e-03,
          9.9991033594086565e-01 ]
   - !!opencv-matrix
      rows: 3
      cols: 3
      dt: d
      data: [ 9.9982386831687509e-01, 1.0952233721607002e-02,
          -1.5240765085367685e-02, -1.1000853740661771e-02,
          9.9993465255777347e-01, -3.1099567747803238e-03,
          1.5205708166890625e-02, 3.2770704404592177e-03,
          9.9987901630570863e-01 ]
   - !!opencv-matrix
      rows: 3
      cols: 3
      dt: d
      data: [ 9.9902043647958472e-01, -2.5118436058113629e-02,
          -3.6431190841570503e-02, 2.5712269914011703e-02,
          9.9954254486387117e-01, 1.5924201170709397e-02,
          3.6014534177321117e-02, -1.6845331016358545e-02,
          9.9920928145756316e-01 ]
   - !!opencv-matrix
      rows: 3
      cols: 3
      dt: d
      data: [ 9.9980847333869560e-01, -4.5481964224530552e-03,
          -1.9034982255036220e-02, 4.6933367383246776e-03,
          9.9996020261930618e-01, 7.5872108061451251e-03,
          1.8999716587556059e-02, -7.6750952345220891e-03,
          9.9979002979762366e-01 ]
   - !!opencv-matrix
      rows: 3
      cols: 3
      dt: d
      data: [ 9.9984851939879493e-01, 7.3838211353212217e-03,
          -1.5761263955638125e-02, -7.3978439695682810e-03,
          9.9997228980257791e-01, -8.3158378495911886e-04,
          1.5754686941974565e-02, 9.4805718765467173e-04,
          9.9987543775558829e-01 ]
Motions:
   - !!opencv-matrix
      rows: 3
      cols: 1
      dt: d
      data: [ 0., 0., 0. ]
   - !!opencv-matrix
      rows: 3
      cols: 1
      dt: d
      data: [ 6.6626489469044120e-02, -5.3447394083957867e-01,
          8.9869135118145010e-02 ]
   - !!opencv-matrix
      rows: 3
      cols: 1
      dt: d
      data: [ -2.6032362944189474e-01, -1.1725349658304376e-01,
          8.4501758870801780e-01 ]
   - !!opencv-matrix
      rows: 3
      cols: 1
      dt: d
      data: [ -7.8114642148521582e-02, 1.5049672955872664e-02,
          2.4635303503216766e-01 ]
   - !!opencv-matrix
      rows: 3
      cols: 1
      dt: d
      data: [ -2.6057131464881211e-01, -1.1302946956761430e-01,
          6.1064868239809844e-01 ]
   - !!opencv-matrix
      rows: 3
      cols: 1
      dt: d
      data: [ -3.7988279397960772e-01, -1.5131864658371968e-01,
          1.2489857584619275e+00 ]
   - !!opencv-matrix
      rows: 3
      cols: 1
      dt: d
      data: [ -2.2755441793852529e-01, -9.9399050466932773e-02,
          6.2227749542207134e-01 ]
   - !!opencv-matrix
      rows: 3
      cols: 1
      dt: d
      data: [ -1.9248759905110777e-01, -1.5283492409708960e-01,
          4.0110372831067403e-01 ]
   - !!opencv-matrix
      rows: 3
      cols: 1
      dt: d
      data: [ -6.7148309763059452e-02, -1.0555424091212980e-01,
          2.4442909833766954e-01 ]
   - !!opencv-matrix
      rows: 3
      cols: 1
      dt: d
      data: [ -2.7819305986778609e-01, -1.0067271948167422e-01,
          5.6709371447008738e-01 ]
Points:
   - [ -3.9989550128550111e-01, -8.8989757303953157e-02,
       9.4812497035199372e-01 ]
   - [ -1.4939668513224075e-01, -1.4641251442669967e-01,
       1.2320989649674523e+00 ]
   - [ -9.9221927355406352e-03, -1.6916419058630860e-01,
       1.3371058396401265e+00 ]
   - [ -2.8586435865008081e-01, -1.3958672916534479e-01,
       1.0708143678035420e+00 ]
   - [ -5.7340739812293806e-01, -1.2266223635744793e-01,
       8.5301342486058018e-01 ]
   - [ -4.9387876730482627e-01, -1.3102484428648503e-01,
       8.9915391528115551e-01 ]
   - [ -3.9626622802314243e-02, -1.8120268318709759e-01,
       1.3126774016369736e+00 ]
   - [ -3.6604320231691884e-01, -9.7079465711746304e-02,
       9.8009856385625860e-01 ]
   - [ 6.1778346877832220e-03, -2.8742911104168473e-01,
       1.2969201889612840e+00 ]
   - [ -5.0248961096670608e-01, -2.4814679867121747e-01,
       1.0592002919877423e+00 ]
   - [ -5.9808768141753954e-01, -2.4288432851590369e-01,
       1.0230283730274834e+00 ]
   - [ -2.5801217248687552e-01, -2.3072222790219218e-01,
       1.1423904438172798e+00 ]
   - [ 3.3725312281984852e-02, -2.7423247244409232e-01,
       1.3145067410009552e+00 ]
   - [ -1.0259012323863081e-01, -2.3223808220138500e-01,
       1.2270698382420768e+00 ]
   - [ -2.0286487146326615e+00, -5.2979021038621832e-01,
       4.2228531792035904e+00 ]
   - [ 7.9011536058728093e-01, 6.1914288385100180e-01,
       -4.2134987462105782e+00 ]
   - [ 7.0565372705459595e-01, 8.8157349824905396e-01,
       -4.7765898704528809e+00 ]
   - [ -2.1946939734869044e+00, -7.1376330805005517e-01,
       3.4719733432275683e+00 ]
   - [ 5.7797214622429627e-01, 8.6719782534555778e-01,
       -5.8072294693184672e+00 ]
   - [ 5.3753498958711099e-01, 2.9302746218597775e-01,
       -1.8147662169391767e+00 ]
   - [ -4.0978485668735285e+00, -1.1350283770470457e+00,
       5.4953622337795203e+00 ]
   - [ -8.3184425906793150e-03, -2.6883579610266817e-01,
       1.6764568498574053e+00 ]
   - [ -3.2404031466451344e+00, -9.7543948846421280e-01,
       6.8447117770897465e+00 ]
   - [ -1.1872128022318782e+00, -9.9954736724369919e-01,
       6.2735909562846519e+00 ]
   - [ -6.2874159219716985e-01, -9.5432622634508579e-01,
       5.3978628503177264e+00 ]
   - [ -2.9171377161470144e+00, -1.0680762390416925e+00,
       4.8713916214442321e+00 ]
   - [ 6.8132016467441980e+00, 1.8259827772260833e+00,
       -9.5757885752855767e+00 ]
   - [ -1.3126529482431359e+00, -7.6210065358182155e-01,
       4.0202678437872219e+00 ]
   - [ -5.2618369199617498e-01, -9.5262526461712627e-01,
       5.8182291832418045e+00 ]
   - [ 1.3386115431791415e-01, -1.0503550805968045e+00,
       6.2175782623546700e+00 ]
   - [ 3.1632643474534992e+00, 1.0182417459853677e+00,
       -7.4319329852081273e+00 ]
   - [ 1.7662709434939290e+00, 1.3875894939584563e+00,
       -8.9710146512653939e+00 ]
   - [ -9.0056039173108857e+00, -9.3215022584676088e+00,
       5.9269443696569127e+01 ]
   - [ 2.8854043992042699e+00, 1.5399706035288376e+00,
       -9.0074096588228887e+00 ]
   - [ 7.5260377407384098e+00, 2.2105392517024289e+00,
       -1.1125192198875656e+01 ]
   - [ 6.5288251725525361e+00, 2.2506646376174064e+00,
       -1.1442539010720091e+01 ]
   - [ 1.2796926014002414e+01, 1.2612242713154910e+01,
       -7.4855671369164028e+01 ]
   - [ -6.0340072524768007e-01, -1.8661125199492976e+00,
       1.1298226820938977e+01 ]
   - [ -2.3933369705371423e+00, -6.1211882187745614e-01,
       4.8814241359592030e+00 ]
   - [ 1.2051458397734800e+01, 6.9045497953598476e+00,
       -4.5124707730396850e+01 ]
   - [ 2.6894728666332330e+00, 2.0198335722376402e+00,
       -1.2830300372070498e+01 ]
   - [ -2.7249314983988993e+00, -1.3325887077155818e+00,
       7.7032064447937350e+00 ]
   - [ -8.2632118944648116e+00, -2.2773658094236375e+00,
       1.0621404631446380e+01 ]
   - [ -7.4465434504125145e+00, -2.4063504960833173e+00,
       1.1515348238151130e+01 ]
   - [ 5.2059752396101224e+00, 4.0116550001905180e+00,
       -2.3903383741527431e+01 ]
   - [ 1.2619064655970222e+00, 1.6216409365064353e+00,
       -9.7976583433334792e+00 ]
   - [ -2.1289386293693624e+01, -4.3114289976517179e+00,
       3.6907565926886249e+01 ]
   - [ -2.9423746593454991e+00, -1.4553975090693672e+00,
       1.0206273731783263e+01 ]
   - [ -7.9245531707308352e+00, -1.7850777333347871e+00,
       9.2464762359939581e+00 ]
   - [ -3.3707966373712419e+00, -1.2328675337820594e+00,
       7.6616619262579944e+00 ]
   - [ -1.7026115655899048e+00, -1.7506015300750732e+00,
       8.9982433319091797e+00 ]
   - [ -2.6672437191009521e+00, -2.6473102569580078e+00,
       1.2695616722106934e+01 ]
   - [ -6.7426429862495860e+00, -1.7673934469757002e+00,
       9.3651389208781453e+00 ]
   - [ -5.7146767423068408e+00, -4.0009385530203581e+00,
       2.4456290653672411e+01 ]
   - [ 1.7038552618347444e-01, 1.0329825843613376e-01,
       -4.6220480332961833e-01 ]
   - [ 8.0014966800582166e-01, 2.8541376959584353e-01,
       -1.5211604598747002e+00 ]
   - [ 8.5359983969378783e-01, 4.8946385566092115e-01,
       -2.5482004941947927e+00 ]
   - [ 8.6020674000675745e-01, 6.1762866875841937e-01,
       -3.1623611319148277e+00 ]
   - [ 9.7689964200507740e-01, 4.6235257649302652e-01,
       -2.2108869622605849e+00 ]
   - [ 4.6428380721739160e-01, 2.3880266929873623e-01,
       -8.1752692051454745e-01 ]
   - [ 6.5603579869655859e-01, 2.9812080286584375e-01,
       -1.1468084758596448e+00 ]
   - [ 8.2481502455508460e-01, 5.7593664351348084e-01,
       -2.7967546105238541e+00 ]
   - [ 6.5975599260620466e-01, 6.7699503077227252e-01,
       -3.3226632057543544e+00 ]
   - [ 8.3070557453908442e-02, 7.1550630769618517e-01,
       -3.5738936238856467e+00 ]
   - [ -1.2086651542241627e+00, -2.3730010003390439e-01,
       1.8241603155734414e+00 ]
   - [ -2.3847130369770575e+00, -1.1716066187422154e+00,
       6.4780303067574785e+00 ]
   - [ 5.4521396275455070e+00, 1.2839684681566412e+00,
       -5.9250728392178420e+00 ]
   - [ -2.0174138944582296e+00, -8.0355010456329035e-01,
       4.0335801818583468e+00 ]
   - [ -9.8922823444916064e-01, -6.9239728463093753e-01,
       3.6280050591965023e+00 ]
   - [ -1.1682082360629938e+01, -3.2571804151635129e+00,
       1.4786667428541584e+01 ]
   - [ -1.9310837541233399e+00, -1.2268873116833909e+00,
       6.0674633669032128e+00 ]
   - [ -3.4841980600781358e-01, -4.4361323461434965e-01,
       2.1597317071291791e+00 ]
   - [ 1.1377955971202058e-01, -3.9592921669937675e-01,
       2.0263610006784711e+00 ]
Colors:
   - [ 0, 0, 255 ]
   - [ 0, 0, 255 ]
   - [ 0, 255, 255 ]
   - [ 0, 255, 255 ]
   - [ 0, 255, 255 ]
   - [ 255, 0, 0 ]
   - [ 255, 0, 0 ]
   - [ 0, 0, 255 ]
   - [ 255, 0, 0 ]
   - [ 255, 0, 0 ]
   - [ 0, 255, 255 ]
   - [ 0, 255, 255 ]
   - [ 0, 255, 255 ]
   - [ 0, 0, 255 ]
   - [ 0, 0, 255 ]
   - [ 0, 0, 255 ]
   - [ 255, 0, 0 ]
   - [ 255, 0, 0 ]
   - [ 0, 255, 255 ]
   - [ 0, 255, 255 ]
   - [ 0, 255, 255 ]
   - [ 255, 0, 0 ]
   - [ 0, 0, 255 ]
   - [ 0, 0, 255 ]
   - [ 255, 0, 0 ]
   - [ 255, 0, 0 ]
   - [ 0, 255, 255 ]
   - [ 0, 255, 255 ]
   - [ 0, 255, 255 ]
   - [ 255, 0, 0 ]
   - [ 0, 0, 255 ]
   - [ 0, 0, 255 ]
   - [ 0, 255, 255 ]
   - [ 0, 255, 255 ]
   - [ 0, 255, 255 ]
   - [ 255, 0, 0 ]
   - [ 255, 0, 0 ]
   - [ 255, 0, 0 ]
   - [ 0, 0, 255 ]
   - [ 0, 0, 255 ]
   - [ 0, 255, 255 ]
   - [ 0, 255, 255 ]
   - [ 0, 255, 255 ]
   - [ 255, 0, 0 ]
   - [ 255, 0, 0 ]
   - [ 255, 0, 0 ]
   - [ 0, 0, 255 ]
   - [ 0, 0, 255 ]
   - [ 0, 255, 255 ]
   - [ 0, 255, 255 ]
   - [ 0, 255, 255 ]
   - [ 255, 0, 0 ]
   - [ 255, 0, 0 ]
   - [ 255, 0, 0 ]
   - [ 0, 255, 255 ]
   - [ 0, 0, 255 ]
   - [ 0, 0, 255 ]
   - [ 0, 255, 255 ]
   - [ 0, 255, 255 ]
   - [ 0, 255, 255 ]
   - [ 255, 0, 0 ]
   - [ 255, 0, 0 ]
   - [ 255, 0, 0 ]
   - [ 0, 255, 255 ]
   - [ 0, 0, 255 ]
   - [ 0, 0, 255 ]
   - [ 0, 255, 255 ]
   - [ 0, 255, 255 ]
   - [ 0, 255, 255 ]
   - [ 255, 0, 0 ]
   - [ 255, 0, 0 ]
   - [ 255, 0, 0 ]
   - [ 0, 255, 255 ]
