%YAML:1.0
---
Camera Count: 5
Point Count: 27
Rotations:
   - !!opencv-matrix
      rows: 3
      cols: 3
      dt: f
      data: [ 1., 0., 0., 0., 1., 0., 0., 0., 1. ]
   - !!opencv-matrix
      rows: 3
      cols: 3
      dt: d
      data: [ 9.8213400564018338e-01, -1.1564338620843141e-02,
          -1.8782721058842916e-01, 7.0641145177026132e-03,
          9.9967214151531159e-01, -2.4611130901923586e-02,
          1.8805024129537384e-01, 2.2844595650904589e-02,
          9.8189369648567282e-01 ]
   - !!opencv-matrix
      rows: 3
      cols: 3
      dt: d
      data: [ -8.7583986872862940e-01, 7.8283114594211486e-02,
          4.7621032991194845e-01, 3.3306913445221187e-02,
          -9.7459830877172104e-01, 2.2146960526459064e-01,
          4.8145111263987106e-01, 2.0983300624241791e-01,
          8.5098468589575682e-01 ]
   - !!opencv-matrix
      rows: 3
      cols: 3
      dt: d
      data: [ 9.7352980475199857e-01, -1.7485988515761219e-02,
          -2.2789023556344457e-01, 1.0875998363439401e-02,
          9.9948383215853898e-01, -3.0228825866710531e-02,
          2.2830118685441397e-01, 2.6950129114869020e-02,
          9.7321747755656229e-01 ]
   - !!opencv-matrix
      rows: 3
      cols: 3
      dt: d
      data: [ 9.7086991445463422e-01, -1.1501094596266505e-02,
          -2.3933101351462807e-01, 7.6125066073592443e-03,
          9.9982367664223770e-01, -1.7165819780920476e-02,
          2.3948623958383133e-01, 1.4843869060519845e-02,
          9.7078627956997310e-01 ]
Motions:
   - !!opencv-matrix
      rows: 3
      cols: 1
      dt: f
      data: [ 0., 0., 0. ]
   - !!opencv-matrix
      rows: 3
      cols: 1
      dt: d
      data: [ 7.2683442828065092e-01, 8.7314534422144097e-02,
          -6.8123996208721038e-01 ]
   - !!opencv-matrix
      rows: 3
      cols: 1
      dt: d
      data: [ -2.5250956395943773e+00, -1.5120481720134642e+00,
          -1.3597032486053482e+01 ]
   - !!opencv-matrix
      rows: 3
      cols: 1
      dt: d
      data: [ 5.1159245040596102e-01, 8.6301730411991004e-02,
          -6.8396330388848037e-01 ]
   - !!opencv-matrix
      rows: 3
      cols: 1
      dt: d
      data: [ 3.5931279265222199e-01, 2.4835488370472014e-03,
          -6.6128528500799511e-01 ]
Points:
   - [ 1.2666828632354736e+00, 2.9311999678611755e-01,
       6.9976696968078613e+00 ]
   - [ 3.7184126377105713e+00, 3.8424366712570190e-01,
       6.8773212432861328e+00 ]
   - [ 5.0248456001281738e+00, 3.4971079230308533e-01,
       6.0443611145019531e+00 ]
   - [ 1.1817728281021118e+00, 4.4401776790618896e-01,
       6.9625411033630371e+00 ]
   - [ 3.7932541370391846e+00, 6.0651600360870361e-01,
       7.1666359901428223e+00 ]
   - [ 4.9840683937072754e+00, 5.2802497148513794e-01,
       6.0790576934814453e+00 ]
   - [ 1.2536020278930664e+00, 4.2565980553627014e-01,
       6.7076430320739746e+00 ]
   - [ 3.5866391658782959e+00, 5.3160911798477173e-01,
       6.5672326087951660e+00 ]
   - [ 5.0202078819274902e+00, 5.1657068729400635e-01,
       5.9572625160217285e+00 ]
   - [ 1.7135658860206604e-01, 2.9257857799530029e-01,
       6.3026132583618164e+00 ]
   - [ 3.6648502349853516e+00, 5.1869356632232666e-01,
       6.8542542457580566e+00 ]
   - [ 5.0623846054077148e+00, 4.9257963895797729e-01,
       5.8856496810913086e+00 ]
   - [ 1.4247661828994751e-01, 4.4939553737640381e-01,
       6.5758652687072754e+00 ]
   - [ 3.4395439624786377e+00, 7.2603350877761841e-01,
       6.6444463729858398e+00 ]
   - [ 5.0137143135070801e+00, 7.0512557029724121e-01,
       5.9474439620971680e+00 ]
   - [ 2.4793858826160431e-01, 4.3488559126853943e-01,
       6.3870835304260254e+00 ]
   - [ 3.4562551975250244e+00, 6.8874460458755493e-01,
       6.3274269104003906e+00 ]
   - [ 4.9033212661743164e+00, 6.8053281307220459e-01,
       5.6280889511108398e+00 ]
   - [ 2.3271837234497070e+00, 1.1204571723937988e+00,
       6.7168397903442383e+00 ]
   - [ 4.3488631248474121e+00, 6.2294214963912964e-01,
       6.0152835845947266e+00 ]
   - [ 1.9716876745223999e+00, 1.5107301473617554e+00,
       6.4298787117004395e+00 ]
   - [ 4.2385845184326172e+00, 9.1218328475952148e-01,
       6.1037364006042480e+00 ]
   - [ 2.4658870697021484e+00, 1.6317898035049438e+00,
       6.5822005271911621e+00 ]
   - [ 4.5281157493591309e+00, 9.2692744731903076e-01,
       6.0687785148620605e+00 ]
   - [ 5.2034826278686523e+00, 4.6784156560897827e-01,
       6.0132384300231934e+00 ]
   - [ 5.1057996749877930e+00, 6.7823880910873413e-01,
       6.0314702987670898e+00 ]
   - [ 4.6591010093688965e+00, 9.1100120544433594e-01,
       6.2000079154968262e+00 ]
Colors:
   - [ 255, 0, 0 ]
   - [ 255, 0, 0 ]
   - [ 255, 0, 0 ]
   - [ 255, 0, 0 ]
   - [ 255, 0, 0 ]
   - [ 255, 0, 0 ]
   - [ 255, 0, 0 ]
   - [ 255, 0, 0 ]
   - [ 255, 0, 0 ]
   - [ 0, 255, 255 ]
   - [ 0, 255, 255 ]
   - [ 0, 255, 255 ]
   - [ 0, 255, 255 ]
   - [ 0, 255, 255 ]
   - [ 0, 255, 255 ]
   - [ 0, 255, 255 ]
   - [ 0, 255, 255 ]
   - [ 0, 255, 255 ]
   - [ 0, 0, 255 ]
   - [ 0, 0, 255 ]
   - [ 0, 0, 255 ]
   - [ 0, 0, 255 ]
   - [ 0, 0, 255 ]
   - [ 0, 0, 255 ]
   - [ 0, 255, 255 ]
   - [ 0, 255, 255 ]
   - [ 0, 0, 255 ]
