%YAML:1.0
---
Camera Count: 2
Point Count: 6
Rotations:
   - !!opencv-matrix
      rows: 3
      cols: 3
      dt: d
      data: [ 1., 0., 0., 0., 1., 0., 0., 0., 1. ]
   - !!opencv-matrix
      rows: 3
      cols: 3
      dt: d
      data: [ 9.9998209727697063e-01, -3.7760943442994022e-03,
          4.6417924397582078e-03, 3.8502152142556034e-03,
          9.9986354756596729e-01, -1.6064311115085050e-02,
          -4.5804987015348186e-03, 1.6081895420045456e-02,
          9.9986018606170313e-01 ]
Motions:
   - !!opencv-matrix
      rows: 3
      cols: 1
      dt: d
      data: [ 0., 0., 0. ]
   - !!opencv-matrix
      rows: 3
      cols: 1
      dt: d
      data: [ 3.8171474694823015e-01, -3.3911009979005863e-01,
          -8.5982451243415070e-01 ]
Points:
   - [ -7.9770455360412598e+00, 1.6769163608551025e+00,
       1.7652727127075195e+01 ]
   - [ -6.6892132759094238e+00, -1.2510948181152344e+00,
       1.4722832679748535e+01 ]
   - [ -2.2721886634826660e+00, 4.2264046669006348e+00,
       5.7961454391479492e+00 ]
   - [ -2.0800313949584961e+00, 1.7164125442504883e+00,
       5.3057451248168945e+00 ]
   - [ -4.7171502113342285e+00, -3.8094205856323242e+00,
       1.0521332740783691e+01 ]
   - [ -4.5840258598327637e+00, -1.5680526494979858e+00,
       1.0406690597534180e+01 ]
Colors:
   - [ 0, 0, 255 ]
   - [ 0, 0, 255 ]
   - [ 0, 0, 255 ]
   - [ 0, 255, 255 ]
   - [ 0, 0, 255 ]
   - [ 0, 0, 0 ]
