%YAML:1.0
---
Camera Count: 10
Point Count: 73
Rotations:
   - !!opencv-matrix
      rows: 3
      cols: 3
      dt: d
      data: [ 1., 0., 0., 0., 1., 0., 0., 0., 1. ]
   - !!opencv-matrix
      rows: 3
      cols: 3
      dt: d
      data: [ 9.6386921011460902e-01, 2.5715540630074302e-01,
          -6.9478362123325199e-02, -2.0338498866867205e-01,
          8.7890178149800890e-01, 4.3146981918075156e-01,
          1.7201945290368834e-01, -4.0174961790887365e-01,
          8.9944791529737278e-01 ]
   - !!opencv-matrix
      rows: 3
      cols: 3
      dt: d
      data: [ 9.9984147505034182e-01, 3.9825540587302734e-03,
          -1.7354078262078975e-02, -4.0326471602580016e-03,
          9.9998780044176305e-01, -2.8524944391886235e-03,
          1.7342506336684271e-02, 2.9220251220736237e-03,
          9.9984533766135442e-01 ]
   - !!opencv-matrix
      rows: 3
      cols: 3
      dt: d
      data: [ 9.9981013344022474e-01, 1.1865092557241311e-02,
          -1.5456928829759457e-02, -1.2035362167659261e-02,
          9.9986739911568456e-01, -1.0969696583310252e-02,
          1.5324722762042008e-02, 1.1153643541223640e-02,
          9.9982035841846184e-01 ]
   - !!opencv-matrix
      rows: 3
      cols: 3
      dt: d
      data: [ 9.9983561286209244e-01, 4.0759862452770749e-03,
          -1.7667302816562654e-02, -4.0820300460528919e-03,
          9.9999162164973132e-01, -3.0604091843357620e-04,
          1.7665907375137575e-02, 3.7810907017299389e-04,
          9.9984387418743736e-01 ]
   - !!opencv-matrix
      rows: 3
      cols: 3
      dt: d
      data: [ 9.9982038053037237e-01, 1.4803074422392204e-02,
          -1.1835356511174150e-02, -1.4877960861686208e-02,
          9.9986969244283019e-01, -6.2645362860178945e-03,
          1.1741079877914756e-02, 6.4394970242898086e-03,
          9.9991033594086565e-01 ]
   - !!opencv-matrix
      rows: 3
      cols: 3
      dt: d
      data: [ 9.9982386831687509e-01, 1.0952233721607002e-02,
          -1.5240765085367685e-02, -1.1000853740661771e-02,
          9.9993465255777347e-01, -3.1099567747803238e-03,
          1.5205708166890625e-02, 3.2770704404592177e-03,
          9.9987901630570863e-01 ]
   - !!opencv-matrix
      rows: 3
      cols: 3
      dt: d
      data: [ 9.9902043647958472e-01, -2.5118436058113629e-02,
          -3.6431190841570503e-02, 2.5712269914011703e-02,
          9.9954254486387117e-01, 1.5924201170709397e-02,
          3.6014534177321117e-02, -1.6845331016358545e-02,
          9.9920928145756316e-01 ]
   - !!opencv-matrix
      rows: 3
      cols: 3
      dt: d
      data: [ 9.9980847333869560e-01, -4.5481964224530552e-03,
          -1.9034982255036220e-02, 4.6933367383246776e-03,
          9.9996020261930618e-01, 7.5872108061451251e-03,
          1.8999716587556059e-02, -7.6750952345220891e-03,
          9.9979002979762366e-01 ]
   - !!opencv-matrix
      rows: 3
      cols: 3
      dt: d
      data: [ 9.9984851939879493e-01, 7.3838211353212217e-03,
          -1.5761263955638125e-02, -7.3978439695682810e-03,
          9.9997228980257791e-01, -8.3158378495911886e-04,
          1.5754686941974565e-02, 9.4805718765467173e-04,
          9.9987543775558829e-01 ]
Motions:
   - !!opencv-matrix
      rows: 3
      cols: 1
      dt: d
      data: [ 0., 0., 0. ]
   - !!opencv-matrix
      rows: 3
      cols: 1
      dt: d
      data: [ 6.6626489469044120e-02, -5.3447394083957867e-01,
          8.9869135118145010e-02 ]
   - !!opencv-matrix
      rows: 3
      cols: 1
      dt: d
      data: [ -2.6032362944189474e-01, -1.1725349658304376e-01,
          8.4501758870801780e-01 ]
   - !!opencv-matrix
      rows: 3
      cols: 1
      dt: d
      data: [ -7.8114642148521582e-02, 1.5049672955872664e-02,
          2.4635303503216766e-01 ]
   - !!opencv-matrix
      rows: 3
      cols: 1
      dt: d
      data: [ -2.6057131464881211e-01, -1.1302946956761430e-01,
          6.1064868239809844e-01 ]
   - !!opencv-matrix
      rows: 3
      cols: 1
      dt: d
      data: [ -3.7988279397960772e-01, -1.5131864658371968e-01,
          1.2489857584619275e+00 ]
   - !!opencv-matrix
      rows: 3
      cols: 1
      dt: d
      data: [ -2.2755441793852529e-01, -9.9399050466932773e-02,
          6.2227749542207134e-01 ]
   - !!opencv-matrix
      rows: 3
      cols: 1
      dt: d
      data: [ -1.9248759905110777e-01, -1.5283492409708960e-01,
          4.0110372831067403e-01 ]
   - !!opencv-matrix
      rows: 3
      cols: 1
      dt: d
      data: [ -6.7148309763059452e-02, -1.0555424091212980e-01,
          2.4442909833766954e-01 ]
   - !!opencv-matrix
      rows: 3
      cols: 1
      dt: d
      data: [ -2.7819305986778609e-01, -1.0067271948167422e-01,
          5.6709371447008738e-01 ]
