%YAML:1.0
---
<<<<<<< HEAD
Camera Count: 5
Point Count: 27
=======
Camera Count: 10
Point Count: 336
>>>>>>> 45635cf3747d9bba2562ca39089ff15af5270ded
Rotations:
   - !!opencv-matrix
      rows: 3
      cols: 3
      dt: f
      data: [ 1., 0., 0., 0., 1., 0., 0., 0., 1. ]
   - !!opencv-matrix
      rows: 3
      cols: 3
      dt: d
<<<<<<< HEAD
      data: [ 9.8213400564018338e-01, -1.1564338620843141e-02,
          -1.8782721058842916e-01, 7.0641145177026132e-03,
          9.9967214151531159e-01, -2.4611130901923586e-02,
          1.8805024129537384e-01, 2.2844595650904589e-02,
          9.8189369648567282e-01 ]
=======
      data: [ 9.9560424249063695e-01, 2.2065093399261937e-03,
          -9.3633987692387607e-02, -3.2942530503443368e-03,
          9.9992885978103663e-01, -1.1463999033329241e-02,
          9.3602031129060376e-02, 1.1722060123062601e-02,
          9.9554068378694860e-01 ]
   - !!opencv-matrix
      rows: 3
      cols: 3
      dt: d
      data: [ 9.9547361335496498e-01, -1.0895891898065314e-03,
          9.5032088840596468e-02, 2.9413775510921038e-04,
          9.9996481079653177e-01, 8.3839520297673189e-03,
          -9.5037879800585728e-02, -8.3180504959922529e-03,
          9.9543890392075574e-01 ]
   - !!opencv-matrix
      rows: 3
      cols: 3
      dt: d
      data: [ 9.7342743527960407e-01, 7.2948165939029103e-03,
          -2.2887947460581390e-01, -1.2119405477261399e-02,
          9.9973286058101796e-01, -1.9680637321304328e-02,
          2.2867476523624072e-01, 2.1931555470515746e-02,
          9.7325580328030603e-01 ]
   - !!opencv-matrix
      rows: 3
      cols: 3
      dt: d
      data: [ 9.9025083399552105e-01, 6.7895119636154112e-03,
          -1.3913011283856172e-01, -9.0675663903547477e-03,
          9.9983490418211618e-01, -1.5746225544399906e-02,
          1.3900023385207486e-01, 1.6854284512684791e-02,
          9.9014891207466060e-01 ]
   - !!opencv-matrix
      rows: 3
      cols: 3
      dt: d
      data: [ 9.9893334131410783e-01, 2.1524573604642552e-03,
          -4.6125335102777866e-02, -2.4767741230111470e-03,
          9.9997260564906398e-01, -6.9752090553057223e-03,
          4.6109057689089149e-02, 7.0820109243787408e-03,
          9.9891130733428546e-01 ]
>>>>>>> 45635cf3747d9bba2562ca39089ff15af5270ded
   - !!opencv-matrix
      rows: 3
      cols: 3
      dt: d
<<<<<<< HEAD
      data: [ -8.7583986872862940e-01, 7.8283114594211486e-02,
          4.7621032991194845e-01, 3.3306913445221187e-02,
          -9.7459830877172104e-01, 2.2146960526459064e-01,
          4.8145111263987106e-01, 2.0983300624241791e-01,
          8.5098468589575682e-01 ]
=======
      data: [ 9.3100078570260125e-01, 1.2635838078456037e-02,
          -3.6479839996523311e-01, -2.4495831556114997e-02,
          9.9931048563917024e-01, -2.7901747758520532e-02,
          3.6419430426286681e-01, 3.4912589243147024e-02,
          9.3066837265205582e-01 ]
>>>>>>> 45635cf3747d9bba2562ca39089ff15af5270ded
   - !!opencv-matrix
      rows: 3
      cols: 3
      dt: d
<<<<<<< HEAD
      data: [ 9.7352980475199857e-01, -1.7485988515761219e-02,
          -2.2789023556344457e-01, 1.0875998363439401e-02,
          9.9948383215853898e-01, -3.0228825866710531e-02,
          2.2830118685441397e-01, 2.6950129114869020e-02,
          9.7321747755656229e-01 ]
=======
      data: [ 9.1193237244518155e-01, 1.3310187774245136e-02,
          -4.1012459934502477e-01, -2.7625083694672828e-02,
          9.9919767012708283e-01, -2.8997771698388224e-02,
          4.0940957834101177e-01, 3.7773733122685380e-02,
          9.1156839691194380e-01 ]
>>>>>>> 45635cf3747d9bba2562ca39089ff15af5270ded
   - !!opencv-matrix
      rows: 3
      cols: 3
      dt: d
<<<<<<< HEAD
      data: [ 9.7086991445463422e-01, -1.1501094596266505e-02,
          -2.3933101351462807e-01, 7.6125066073592443e-03,
          9.9982367664223770e-01, -1.7165819780920476e-02,
          2.3948623958383133e-01, 1.4843869060519845e-02,
          9.7078627956997310e-01 ]
=======
      data: [ 9.8300584842933869e-01, 1.2293565454328137e-02,
          -1.8316214183650573e-01, -1.6494102936961425e-02,
          9.9963433388950096e-01, -2.1427624170652151e-02,
          1.8283174374823705e-01, 2.4084575099302577e-02,
          9.8284916783821163e-01 ]
   - !!opencv-matrix
      rows: 3
      cols: 3
      dt: d
      data: [ 9.4754847376789963e-01, 1.3222904989873135e-02,
          -3.1933844842698283e-01, -2.2508193663570687e-02,
          9.9942385544574630e-01, -2.5403511252644562e-02,
          3.1881855510325491e-01, 3.1258789957207725e-02,
          9.4730017258115395e-01 ]
>>>>>>> 45635cf3747d9bba2562ca39089ff15af5270ded
Motions:
   - !!opencv-matrix
      rows: 3
      cols: 1
      dt: f
      data: [ 0., 0., 0. ]
   - !!opencv-matrix
      rows: 3
      cols: 1
      dt: d
<<<<<<< HEAD
      data: [ 7.2683442828065092e-01, 8.7314534422144097e-02,
          -6.8123996208721038e-01 ]
=======
      data: [ 9.5221429224789178e-01, 2.1503065105397159e-01,
          2.1690956812955897e-01 ]
   - !!opencv-matrix
      rows: 3
      cols: 1
      dt: d
      data: [ -9.5216530548293410e-01, -2.1260181080405574e-02,
          2.4643707118658259e-01 ]
   - !!opencv-matrix
      rows: 3
      cols: 1
      dt: d
      data: [ 2.3360829983088558e+00, 4.5755437430575674e-01,
          6.0922786022258046e-01 ]
   - !!opencv-matrix
      rows: 3
      cols: 1
      dt: d
      data: [ 1.4078522946107197e+00, 3.1601741828643271e-01,
          3.0416235652923551e-01 ]
>>>>>>> 45635cf3747d9bba2562ca39089ff15af5270ded
   - !!opencv-matrix
      rows: 3
      cols: 1
      dt: d
<<<<<<< HEAD
      data: [ -2.5250956395943773e+00, -1.5120481720134642e+00,
          -1.3597032486053482e+01 ]
=======
      data: [ 4.7444225607387724e-01, 1.5696574887319639e-01,
          1.3058564765559846e-01 ]
>>>>>>> 45635cf3747d9bba2562ca39089ff15af5270ded
   - !!opencv-matrix
      rows: 3
      cols: 1
      dt: d
<<<<<<< HEAD
      data: [ 5.1159245040596102e-01, 8.6301730411991004e-02,
          -6.8396330388848037e-01 ]
=======
      data: [ 3.7635857516578737e+00, 9.6052409630984981e-01,
          1.6759707707037641e+00 ]
>>>>>>> 45635cf3747d9bba2562ca39089ff15af5270ded
   - !!opencv-matrix
      rows: 3
      cols: 1
      dt: d
<<<<<<< HEAD
      data: [ 3.5931279265222199e-01, 2.4835488370472014e-03,
          -6.6128528500799511e-01 ]
