%YAML:1.0
---
Camera Count: 4
Point Count: 118
Rotations:
   - !!opencv-matrix
      rows: 3
      cols: 3
      dt: d
      data: [ 1., 0., 0., 0., 1., 0., 0., 0., 1. ]
   - !!opencv-matrix
      rows: 3
      cols: 3
      dt: d
      data: [ 9.9994782205201505e-01, 5.7342901501635374e-03,
          -8.4540576000485534e-03, -5.7390734348132695e-03,
          9.9998338468969106e-01, -5.4164624870284284e-04,
          8.4508111765107669e-03, 5.9013644410127464e-04,
          9.9996411712092825e-01 ]
   - !!opencv-matrix
      rows: 3
      cols: 3
      dt: d
      data: [ 1., 0., 0., 0., 1., 0., 0., 0., 1. ]
   - !!opencv-matrix
      rows: 3
      cols: 3
      dt: d
      data: [ 9.9978916822828001e-01, -1.9093033791300271e-02,
          7.5548099941860694e-03, 1.9097792633861799e-02,
          9.9981746466964050e-01, -5.5826345579779104e-04,
          -7.5427720314219810e-03, 7.0242595078152709e-04,
          9.9997130618226526e-01 ]
Motions:
   - !!opencv-matrix
      rows: 3
      cols: 1
      dt: d
      data: [ 0., 0., 0. ]
   - !!opencv-matrix
      rows: 3
      cols: 1
      dt: d
      data: [ -6.1679152485800220e-02, 3.7451810156931381e-01,
          9.2516586282976887e-01 ]
   - !!opencv-matrix
      rows: 3
      cols: 1
      dt: d
      data: [ 0., 0., 0. ]
   - !!opencv-matrix
      rows: 3
      cols: 1
      dt: d
      data: [ -4.0366425350111699e-04, 2.9312726949177809e-01,
          5.5932057824920922e-01 ]
Points:
   - [ -1.2250284194946289e+01, 2.0059822082519531e+01,
       3.8563774108886719e+01 ]
   - [ -1.2250284194946289e+01, 2.0059822082519531e+01,
       3.8563774108886719e+01 ]
   - [ -7.5247015953063965e+00, 1.2575103759765625e+01,
       2.8234304428100586e+01 ]
   - [ -6.8740205764770508e+00, 1.1765414237976074e+01,
       2.7077474594116211e+01 ]
   - [ -6.5735902786254883e+00, 1.1777745246887207e+01,
       2.6334953308105469e+01 ]
   - [ -6.3415570259094238e+00, 1.3107984542846680e+01,
       2.7600538253784180e+01 ]
   - [ -6.3415570259094238e+00, 1.3107984542846680e+01,
       2.7600538253784180e+01 ]
   - [ -5.2130804061889648e+00, 1.0651473999023438e+01,
       2.3882646560668945e+01 ]
   - [ -4.4996547698974609e+00, 1.5481716156005859e+01,
       2.9895654678344727e+01 ]
   - [ -1.6542111635208130e+00, 5.7945389747619629e+00,
       1.2880063056945801e+01 ]
   - [ -1.1402176618576050e+00, 4.2475571632385254e+00,
       9.7269983291625977e+00 ]
   - [ -2.0708146095275879e+00, 8.3150653839111328e+00,
       1.7904726028442383e+01 ]
   - [ -9.7635316848754883e+00, -6.5444526672363281e+00,
       2.9520011901855469e+01 ]
   - [ -9.1763448715209961e+00, -4.7598171234130859e+00,
       2.7770580291748047e+01 ]
   - [ -8.5817451477050781e+00, -3.9682083129882812e+00,
       2.6539167404174805e+01 ]
   - [ -9.0262413024902344e+00, -5.3696713447570801e+00,
       2.8528984069824219e+01 ]
   - [ -9.3229637145996094e+00, -7.2264032363891602e+00,
       3.2638309478759766e+01 ]
   - [ -9.7405910491943359e+00, -9.1436805725097656e+00,
       3.5355915069580078e+01 ]
   - [ -8.0861005783081055e+00, -4.7629141807556152e+00,
       3.0223995208740234e+01 ]
   - [ -8.8354072570800781e+00, -1.0025453567504883e+01,
       3.9722518920898438e+01 ]
   - [ -1.0602473258972168e+01, -2.0937932968139648e+01,
       5.3077365875244141e+01 ]
   - [ -7.0052332878112793e+00, -5.5021457672119141e+00,
       3.5284755706787109e+01 ]
   - [ -7.9264550209045410e+00, -8.8430395126342773e+00,
       4.0131427764892578e+01 ]
   - [ -3.1477673053741455e+00, 7.4317264556884766e+00,
       1.6703445434570312e+01 ]
   - [ -7.4000086784362793e+00, -7.6721701622009277e+00,
       3.9786781311035156e+01 ]
   - [ -6.1768093109130859e+00, -6.6016192436218262e+00,
       4.3358161926269531e+01 ]
   - [ -5.4092431068420410e+00, -4.6243615150451660e+00,
       3.8669097900390625e+01 ]
   - [ -6.2336392402648926e+00, -8.3102321624755859e+00,
       4.4590732574462891e+01 ]
   - [ -3.1622889041900635e+00, 1.2729858398437500e+01,
       2.5446538925170898e+01 ]
   - [ -5.8544273376464844e+00, -7.0207157135009766e+00,
       4.4679016113281250e+01 ]
   - [ -5.5141105651855469e+00, -6.8841176033020020e+00,
       4.5614017486572266e+01 ]
   - [ -7.4600691795349121e+00, -1.7046989440917969e+01,
       6.3527362823486328e+01 ]
   - [ -6.2347707748413086e+00, -9.8711462020874023e+00,
       5.3543815612792969e+01 ]
   - [ -2.0085389614105225e+00, 9.4087619781494141e+00,
       1.9960803985595703e+01 ]
   - [ -6.2565789222717285e+00, -1.6452518463134766e+01,
       6.3346752166748047e+01 ]
   - [ -6.2565789222717285e+00, -1.6452518463134766e+01,
       6.3346752166748047e+01 ]
   - [ -1.1794382333755493e+00, 6.0526971817016602e+00,
       1.3410533905029297e+01 ]
   - [ -6.4077239036560059e+00, -2.1591022491455078e+01,
       7.3708618164062500e+01 ]
   - [ -3.4503347873687744e+00, -6.0776476860046387e+00,
       5.5899616241455078e+01 ]
   - [ -4.5708346366882324e+00, -1.7575523376464844e+01,
       7.6021575927734375e+01 ]
   - [ -3.5136864185333252e+00, -9.8619079589843750e+00,
       7.2718841552734375e+01 ]
   - [ -1.8666101694107056e+00, -5.7209963798522949e+00,
       -2.9170932006835938e+02 ]
   - [ -2.2838394343852997e-01, -5.3589477539062500e+00,
       -1.2332005500793457e+01 ]
   - [ 1.0374576416015625e+03, -2.6893157958984375e+02,
       5.0429601562500000e+04 ]
   - [ -5.7190525531768799e-01, -6.1611871719360352e+00,
       -1.4571134567260742e+01 ]
   - [ -6.5766352415084839e-01, -7.0489530563354492e+00,
       -1.5809791564941406e+01 ]
   - [ -6.5766352415084839e-01, -7.0489530563354492e+00,
       -1.5809791564941406e+01 ]
   - [ 9.8791427612304688e+00, -4.3845180511474609e+01,
       2.6793411254882812e+02 ]
   - [ -7.2743278741836548e-01, -7.8476080894470215e+00,
       -1.7168455123901367e+01 ]
   - [ -9.1514849662780762e-01, -6.8236136436462402e+00,
       -1.6422422409057617e+01 ]
   - [ 3.7120609283447266e+01, -6.2201221466064453e+01,
       5.5887628173828125e+02 ]
   - [ -1.4944653511047363e+00, -7.6024222373962402e+00,
       -1.9215250015258789e+01 ]
   - [ -2.5469696521759033e+00, -9.1700878143310547e+00,
       -2.8863239288330078e+01 ]
   - [ -3.0351893901824951e+00, -1.0598859786987305e+01,
       -2.5083612442016602e+01 ]
   - [ -3.0885189056396484e+01, 2.6858480453491211e+01,
       -2.4367753601074219e+02 ]
   - [ -3.3211455345153809e+00, -1.0586425781250000e+01,
       -2.4968050003051758e+01 ]
   - [ -3.9534330368041992e+00, -1.1677934646606445e+01,
       -2.6871074676513672e+01 ]
   - [ -3.3661849975585938e+01, 4.7973926544189453e+01,
       -2.1678068542480469e+02 ]
   - [ -2.3685676574707031e+01, 1.5113029479980469e+01,
       -1.4281880187988281e+02 ]
   - [ -5.5886993408203125e+00, -1.5748506546020508e+01,
       -3.2531639099121094e+01 ]
   - [ -3.6557464599609375e+01, 6.3689334869384766e+01,
       -1.9647634887695312e+02 ]
   - [ 4.9806222915649414e+00, 4.1316781044006348e+00,
       1.9402446746826172e+01 ]
   - [ -1.5867681503295898e+01, 9.3883619308471680e+00,
       -6.6098831176757812e+01 ]
   - [ -9.9397048950195312e+00, -1.7251596450805664e+01,
       -3.8105991363525391e+01 ]
   - [ -1.8294351196289062e+02, 1.0660803222656250e+02,
       -5.4852325439453125e+02 ]
   - [ -2.4725467681884766e+01, -2.8811458587646484e+01,
       -5.5031089782714844e+01 ]
   - [ -2.4725467681884766e+01, -2.8811458587646484e+01,
       -5.5031089782714844e+01 ]
   - [ -1.1023466491699219e+02, -6.5590810775756836e+00,
       -2.1793257141113281e+02 ]
   - [ -2.8134107589721680e+01, -2.6550090789794922e+01,
       -5.3638469696044922e+01 ]
   - [ -1.8480488586425781e+02, -5.4718570709228516e+00,
       -3.3100689697265625e+02 ]
   - [ 1.6354830322265625e+03, 3.8402721405029297e+01,
       2.7259516601562500e+03 ]
   - [ -4.4478837500000000e+05, -2.2900662109375000e+04,
       -6.7304806250000000e+05 ]
   - [ 6.3309472656250000e+02, 1.6816856384277344e+01,
       8.3396307373046875e+02 ]
