%YAML:1.0
---
Camera Count: 5
Point Count: 7
Rotations:
   - !!opencv-matrix
      rows: 3
      cols: 3
      dt: d
      data: [ 1., 0., 0., 0., 1., 0., 0., 0., 1. ]
   - !!opencv-matrix
      rows: 3
      cols: 3
      dt: d
      data: [ 9.9937480972096160e-01, -1.2259884854578407e-02,
          -3.3161497531686401e-02, 1.2509850212234025e-02,
          9.9989480215039483e-01, 7.3408637291328405e-03,
          3.3068010869404196e-02, -7.7511196594244880e-03,
          9.9942304696317985e-01 ]
   - !!opencv-matrix
      rows: 3
      cols: 3
      dt: d
      data: [ 9.9661407903331511e-01, 8.0765660824590357e-02,
          -1.5404074270934124e-02, -8.1466933813737485e-02,
          9.9530682408248650e-01, -5.2225134081420342e-02,
          1.1113782774795440e-02, 5.3303226604038211e-02,
          9.9851652458336071e-01 ]
   - !!opencv-matrix
      rows: 3
      cols: 3
      dt: d
      data: [ 9.9816756942265494e-01, 3.2541955227601421e-02,
          -5.1014943916799040e-02, -3.3546320699593693e-02,
          9.9925737351345756e-01, -1.8956419664755399e-02,
          5.0360179908230863e-02, 2.0633047010829436e-02,
          9.9851796661385095e-01 ]
   - !!opencv-matrix
      rows: 3
      cols: 3
      dt: d
      data: [ 9.9694406914638301e-01, 4.5715056116348775e-02,
          -6.3345533687315270e-02, -4.7425343790610093e-02,
          9.9854248255106737e-01, -2.5763293793568363e-02,
          6.2075436045139078e-02, 2.8688746661894443e-02,
          9.9765905802271726e-01 ]
Motions:
   - !!opencv-matrix
      rows: 3
      cols: 1
      dt: d
      data: [ 0., 0., 0. ]
   - !!opencv-matrix
      rows: 3
      cols: 1
      dt: d
      data: [ -4.6879525767577668e-01, -3.8588134355658321e-01,
          7.9456063020745515e-01 ]
   - !!opencv-matrix
      rows: 3
      cols: 1
      dt: d
      data: [ -8.9563867829533894e-01, 6.9776464252995574e-01,
          5.4151411035982022e-01 ]
   - !!opencv-matrix
      rows: 3
      cols: 1
      dt: d
      data: [ -9.8861012993733877e-01, -9.1598458137119240e-02,
          1.4577872586487086e+00 ]
   - !!opencv-matrix
      rows: 3
      cols: 1
      dt: d
      data: [ -1.1323678408842714e+00, 4.8415745607020833e-02,
          1.4216249169665991e+00 ]
Points:
   - [ -3.5129842758178711e+00, -5.1097621917724609e+00,
       3.0446245193481445e+01 ]
   - [ -8.5154187679290771e-01, -3.4618670940399170e+00,
       1.9312122344970703e+01 ]
   - [ -5.2558584213256836e+00, -4.7073984146118164e+00,
       2.5441816329956055e+01 ]
   - [ -1.0851955413818359e+00, -3.6525444984436035e+00,
       1.8597562789916992e+01 ]
   - [ -8.0301227569580078e+00, -3.2746651172637939e+00,
       2.6707099914550781e+01 ]
   - [ -1.6805383682250977e+01, -9.0609521865844727e+00,
       4.3698123931884766e+01 ]
   - [ -2.3979331970214844e+01, -1.0546813964843750e+01,
       5.1562541961669922e+01 ]
Colors:
   - [ 0, 0, 255 ]
   - [ 0, 255, 255 ]
   - [ 0, 255, 255 ]
   - [ 255, 0, 0 ]
   - [ 0, 0, 255 ]
   - [ 255, 0, 0 ]
   - [ 0, 255, 255 ]
