%YAML:1.0
---
Camera Count: 2
Point Count: 19
Rotations:
   - !!opencv-matrix
      rows: 3
      cols: 3
      dt: d
      data: [ 1., 0., 0., 0., 1., 0., 0., 0., 1. ]
   - !!opencv-matrix
      rows: 3
      cols: 3
      dt: d
      data: [ 9.9993546322293225e-01, 1.0078195787443928e-03,
          -1.1316080984006271e-02, -7.9376822336918451e-04,
          9.9982098337092040e-01, 1.8904262567289276e-02,
          1.1333107303271195e-02, -1.8894060201612134e-02,
          9.9975725812216565e-01 ]
Motions:
   - !!opencv-matrix
      rows: 3
      cols: 1
      dt: d
      data: [ 0., 0., 0. ]
   - !!opencv-matrix
      rows: 3
      cols: 1
      dt: d
      data: [ 3.7721969272073846e-01, -1.1219226187644653e-01,
          9.1930310550912342e-01 ]
Points:
   - [ 4.2004132270812988e-01, 1.0741058349609375e+01,
       2.4695047378540039e+01 ]
   - [ 1.0416909456253052e+00, 1.4320407867431641e+01,
       2.6035718917846680e+01 ]
   - [ 1.0104585886001587e+00, 1.1381139755249023e+01,
       2.4859712600708008e+01 ]
   - [ 1.2023819684982300e+00, 7.0521683692932129e+00,
       2.2446094512939453e+01 ]
   - [ 1.3562203645706177e+00, 1.1194005966186523e+01,
       2.4455913543701172e+01 ]
   - [ 1.7895789146423340e+00, 9.1973600387573242e+00,
       2.3331003189086914e+01 ]
   - [ 1.9656774997711182e+00, 1.0640093803405762e+01,
       2.3714303970336914e+01 ]
   - [ 1.8352882862091064e+00, 6.7517142295837402e+00,
       2.1422378540039062e+01 ]
   - [ 2.1107649803161621e+00, 6.7624001502990723e+00,
       2.1402070999145508e+01 ]
   - [ 2.3631770610809326e+00, 9.6723957061767578e+00,
       2.3302955627441406e+01 ]
   - [ 2.7279417514801025e+00, 1.0922366142272949e+01,
       2.3880798339843750e+01 ]
   - [ 2.8156015872955322e+00, 9.8533220291137695e+00,
       2.3331668853759766e+01 ]
   - [ 3.1240398883819580e+00, 9.8784589767456055e+00,
       2.3303359985351562e+01 ]
   - [ 5.1593489646911621e+00, 1.3277148246765137e+01,
       2.4961107254028320e+01 ]
   - [ 1.4931977272033691e+01, -7.7045589685440063e-01,
       4.3183952331542969e+01 ]
   - [ 1.4931977272033691e+01, -7.7045589685440063e-01,
       4.3183952331542969e+01 ]
   - [ 1.5412590980529785e+01, -1.6635364294052124e+00,
       4.2915630340576172e+01 ]
   - [ 7.9478287696838379e+00, -2.4767725467681885e+00,
       2.0823431015014648e+01 ]
   - [ 1.5877040863037109e+01, -1.7871739864349365e+00,
       3.8940124511718750e+01 ]
Colors:
   - [ 138, 132, 120 ]
   - [ 29, 96, 98 ]
   - [ 130, 125, 120 ]
   - [ 51, 47, 43 ]
   - [ 132, 126, 121 ]
   - [ 72, 39, 19 ]
   - [ 119, 113, 105 ]
   - [ 51, 43, 40 ]
   - [ 137, 134, 127 ]
   - [ 137, 126, 111 ]
   - [ 132, 123, 109 ]
   - [ 121, 76, 35 ]
   - [ 118, 74, 29 ]
   - [ 45, 80, 71 ]
   - [ 80, 81, 75 ]
   - [ 80, 81, 75 ]
   - [ 4, 9, 5 ]
   - [ 89, 93, 88 ]
   - [ 12, 13, 10 ]
