%YAML:1.0
---
Camera Count: 2
Point Count: 884
Rotations:
   - !!opencv-matrix
      rows: 3
      cols: 3
      dt: d
      data: [ 1., 0., 0., 0., 1., 0., 0., 0., 1. ]
   - !!opencv-matrix
      rows: 3
      cols: 3
      dt: d
      data: [ 9.3232299580505107e-01, -1.5702245890544003e-02,
          -3.6128558090115892e-01, 9.3414668450937551e-03,
          9.9976921192884505e-01, -1.9345797382328885e-02,
          3.6150597296625264e-01, 1.4661594496131082e-02,
          9.3225450878853577e-01 ]
Motions:
   - !!opencv-matrix
      rows: 3
      cols: 1
      dt: d
      data: [ 0., 0., 0. ]
   - !!opencv-matrix
      rows: 3
      cols: 1
      dt: d
      data: [ 9.9596080724421920e-01, 2.1183656024904771e-02,
          8.7254358921843161e-02 ]
Points:
   - [ -1.2505466938018799e+00, 2.3343643546104431e-01,
       2.6632568836212158e+00 ]
   - [ -1.2440547943115234e+00, 2.2973893582820892e-01,
       2.6613450050354004e+00 ]
   - [ -1.2440547943115234e+00, 2.2973893582820892e-01,
       2.6613450050354004e+00 ]
   - [ -1.2690819501876831e+00, -6.6420030593872070e-01,
       2.7159476280212402e+00 ]
   - [ -1.2547688484191895e+00, -2.0643121004104614e-01,
       2.6930735111236572e+00 ]
   - [ -1.2638610601425171e+00, -6.8913352489471436e-01,
       2.7135431766510010e+00 ]
   - [ -1.2520054578781128e+00, -1.8869051337242126e-01,
       2.6929340362548828e+00 ]
   - [ -1.2502843141555786e+00, -2.1613916754722595e-01,
       2.6898763179779053e+00 ]
   - [ -1.2510602474212646e+00, -3.4325474500656128e-01,
       2.6964108943939209e+00 ]
   - [ -1.2314649820327759e+00, 2.3134803771972656e-01,
       2.6546592712402344e+00 ]
   - [ -1.2302874326705933e+00, 3.5579973459243774e-01,
       2.6527426242828369e+00 ]
   - [ -1.2302874326705933e+00, 3.5579973459243774e-01,
       2.6527426242828369e+00 ]
   - [ -1.2487694025039673e+00, -4.2746978998184204e-01,
       2.7000877857208252e+00 ]
   - [ -1.2217367887496948e+00, 3.5636523365974426e-01,
       2.6487443447113037e+00 ]
   - [ -1.2414596080780029e+00, -5.1860600709915161e-01,
       2.7039086818695068e+00 ]
   - [ -1.2305867671966553e+00, -1.8597134947776794e-01,
       2.6824915409088135e+00 ]
   - [ -1.2142686843872070e+00, 3.5790637135505676e-01,
       2.6473093032836914e+00 ]
   - [ -1.2303975820541382e+00, -1.9009570777416229e-01,
       2.6830847263336182e+00 ]
   - [ -1.2319267988204956e+00, -2.5903359055519104e-01,
       2.6886289119720459e+00 ]
   - [ -1.2352234125137329e+00, -4.3050459027290344e-01,
       2.6979892253875732e+00 ]
   - [ -1.2352234125137329e+00, -4.3050459027290344e-01,
       2.6979892253875732e+00 ]
   - [ -1.2411012649536133e+00, -6.6376847028732300e-01,
       2.7122268676757812e+00 ]
   - [ -1.2409549951553345e+00, -6.9325596094131470e-01,
       2.7124118804931641e+00 ]
   - [ -1.2264882326126099e+00, -1.8293948471546173e-01,
       2.6820604801177979e+00 ]
   - [ -1.2162830829620361e+00, 1.4773026108741760e-01,
       2.6630110740661621e+00 ]
   - [ -1.2339665889739990e+00, -6.7851179838180542e-01,
       2.7122068405151367e+00 ]
   - [ -1.2176820039749146e+00, -2.0351499319076538e-01,
       2.6812434196472168e+00 ]
   - [ -1.2204133272171021e+00, -2.6130160689353943e-01,
       2.6875176429748535e+00 ]
   - [ -1.1966871023178101e+00, 4.9001455307006836e-01,
       2.6389889717102051e+00 ]
   - [ -1.2125653028488159e+00, -1.9057787954807281e-01,
       2.6835627555847168e+00 ]
   - [ -1.2102676630020142e+00, -2.6420795917510986e-01,
       2.6852872371673584e+00 ]
   - [ -1.2102676630020142e+00, -2.6420795917510986e-01,
       2.6852872371673584e+00 ]
   - [ -1.1856902837753296e+00, 3.6219534277915955e-01,
       2.6482844352722168e+00 ]
   - [ -1.2025533914566040e+00, -4.1485816240310669e-01,
       2.6879251003265381e+00 ]
   - [ -1.1851640939712524e+00, 1.4770638942718506e-01,
       2.6590354442596436e+00 ]
   - [ -1.1906595230102539e+00, -8.1663966178894043e-02,
       2.6718430519104004e+00 ]
   - [ -1.2017599344253540e+00, -6.1204963922500610e-01,
       2.6992585659027100e+00 ]
   - [ -1.1816114187240601e+00, 2.3830071091651917e-01,
       2.6539871692657471e+00 ]
   - [ -1.1816114187240601e+00, 2.3830071091651917e-01,
       2.6539871692657471e+00 ]
   - [ -1.2008035182952881e+00, -6.8928068876266479e-01,
       2.7090618610382080e+00 ]
   - [ -1.1842546463012695e+00, -2.6954498887062073e-01,
       2.6772816181182861e+00 ]
   - [ -1.1956559419631958e+00, -6.7782866954803467e-01,
       2.7046785354614258e+00 ]
   - [ -1.1739062070846558e+00, -4.3869903683662415e-01,
       2.6852278709411621e+00 ]
   - [ -1.1768181324005127e+00, -5.3612911701202393e-01,
       2.6925671100616455e+00 ]
   - [ -1.1726106405258179e+00, -4.2195349931716919e-01,
       2.6842424869537354e+00 ]
   - [ -1.1746551990509033e+00, -5.6927490234375000e-01,
       2.6951327323913574e+00 ]
   - [ -1.1668963432312012e+00, -4.3429946899414062e-01,
       2.6841993331909180e+00 ]
   - [ -1.1672495603561401e+00, -6.0843068361282349e-01,
       2.6970772743225098e+00 ]
   - [ -1.1666098833084106e+00, -6.8503111600875854e-01,
       2.6991021633148193e+00 ]
   - [ -1.1411951780319214e+00, 2.2735048830509186e-01,
       2.6424913406372070e+00 ]
   - [ -1.1408044099807739e+00, 1.9238905608654022e-01,
       2.6443107128143311e+00 ]
   - [ -1.1515933275222778e+00, -1.8795812129974365e-01,
       2.6705987453460693e+00 ]
   - [ -1.1434855461120605e+00, 1.1240725964307785e-01,
       2.6526398658752441e+00 ]
   - [ -1.1618680953979492e+00, -6.6644334793090820e-01,
       2.6984395980834961e+00 ]
   - [ -1.1625745296478271e+00, -6.6225051879882812e-01,
       2.7011408805847168e+00 ]
   - [ -1.1116738319396973e+00, 5.3991842269897461e-01,
       2.5836105346679688e+00 ]
   - [ -1.1619629859924316e+00, -7.2020965814590454e-01,
       2.7011337280273438e+00 ]
   - [ -1.1436024904251099e+00, -8.1948652863502502e-02,
       2.6638181209564209e+00 ]
   - [ -1.1565690040588379e+00, -5.8087122440338135e-01,
       2.6969950199127197e+00 ]
   - [ -1.1565690040588379e+00, -5.8087122440338135e-01,
       2.6969950199127197e+00 ]
   - [ -1.1439129114151001e+00, -1.5633599460124969e-01,
       2.6677966117858887e+00 ]
   - [ -1.1512159109115601e+00, -6.0026639699935913e-01,
       2.6981530189514160e+00 ]
   - [ -1.1512159109115601e+00, -6.0026639699935913e-01,
       2.6981530189514160e+00 ]
   - [ -1.1388049125671387e+00, -3.1333878636360168e-01,
       2.6717944145202637e+00 ]
   - [ -1.1257454156875610e+00, 1.9751250743865967e-01,
       2.6417963504791260e+00 ]
   - [ -1.1175099611282349e+00, 4.9776539206504822e-01,
       2.6236381530761719e+00 ]
   - [ -1.1225546598434448e+00, 2.4363167583942413e-01,
       2.6408717632293701e+00 ]
   - [ -1.1150481700897217e+00, 4.9357551336288452e-01,
       2.6246991157531738e+00 ]
   - [ -1.1290620565414429e+00, 1.6599673777818680e-02,
       2.6587107181549072e+00 ]
   - [ -1.1290620565414429e+00, 1.6599673777818680e-02,
       2.6587107181549072e+00 ]
   - [ -1.1396117210388184e+00, -5.3001177310943604e-01,
       2.6839315891265869e+00 ]
   - [ -1.1406910419464111e+00, -6.8706321716308594e-01,
       2.6943378448486328e+00 ]
   - [ -1.1176977157592773e+00, 2.5201985239982605e-01,
       2.6414484977722168e+00 ]
   - [ -1.1122128963470459e+00, 4.4564151763916016e-01,
       2.6317265033721924e+00 ]
   - [ -1.1074656248092651e+00, 4.9772226810455322e-01,
       2.6228468418121338e+00 ]
   - [ -1.1333812475204468e+00, -6.6246914863586426e-01,
       2.6960976123809814e+00 ]
   - [ -1.1333812475204468e+00, -6.6246914863586426e-01,
       2.6960976123809814e+00 ]
   - [ -1.1096994876861572e+00, 2.3790006339550018e-01,
       2.6407353878021240e+00 ]
   - [ -1.1020948886871338e+00, 4.9438565969467163e-01,
       2.6249101161956787e+00 ]
   - [ -1.1192688941955566e+00, -2.6166093349456787e-01,
       2.6673696041107178e+00 ]
   - [ -1.1022098064422607e+00, 3.0126300454139709e-01,
       2.6309065818786621e+00 ]
