%YAML:1.0
---
Camera Count: 2
Point Count: 54
Rotations:
   - !!opencv-matrix
      rows: 3
      cols: 3
      dt: d
      data: [ 1., 0., 0., 0., 1., 0., 0., 0., 1. ]
   - !!opencv-matrix
      rows: 3
      cols: 3
      dt: d
      data: [ 9.9934064217626939e-01, 3.5714692408095869e-02,
          6.5377091490529948e-03, -3.5673394908496997e-02,
          9.9934346663362517e-01, -6.3280796763476588e-03,
          -6.7594223440320955e-03, 6.0906849272339969e-03,
          9.9995860602661557e-01 ]
Motions:
   - !!opencv-matrix
      rows: 3
      cols: 1
      dt: d
      data: [ 0., 0., 0. ]
   - !!opencv-matrix
      rows: 3
      cols: 1
      dt: d
      data: [ -4.0541110439348732e-01, -1.7627959750484090e-01,
          8.9697677781422192e-01 ]
Points:
   - [ -2.0579814910888672e+01, 3.3265872955322266e+01,
       7.4089683532714844e+01 ]
   - [ -1.6092590332031250e+01, 4.3716739654541016e+01,
       9.2404182434082031e+01 ]
   - [ -1.8139333724975586e+01, 5.7513481140136719e+01,
       1.0708535766601562e+02 ]
   - [ -1.8032402038574219e+01, 5.7116760253906250e+01,
       1.0966362762451172e+02 ]
   - [ -1.5275799751281738e+01, 4.8101085662841797e+01,
       9.8967872619628906e+01 ]
   - [ -1.5201178550720215e+01, 5.5721702575683594e+01,
       1.1045240020751953e+02 ]
   - [ -1.2475866317749023e+01, 5.0237670898437500e+01,
       1.0199657440185547e+02 ]
   - [ -1.1373865127563477e+01, 4.6740932464599609e+01,
       9.7989372253417969e+01 ]
   - [ -1.2040727615356445e+01, 5.3406208038330078e+01,
       1.0862351989746094e+02 ]
   - [ -6.4703364372253418e+00, 3.3688209533691406e+01,
       9.0697959899902344e+01 ]
   - [ -5.9841446876525879e+00, 3.0602436065673828e+01,
       8.7931182861328125e+01 ]
   - [ 1.1228114366531372e+00, 5.2430469512939453e+01,
       1.1859714508056641e+02 ]
   - [ 4.3927011489868164e+00, 8.2738792419433594e+01,
       1.4848698425292969e+02 ]
   - [ 4.0903534889221191e+00, 5.8841701507568359e+01,
       1.2651560211181641e+02 ]
   - [ 4.0079913139343262e+00, 2.6979072093963623e+00,
       9.1617607116699219e+01 ]
   - [ 4.1900081634521484e+00, 4.3180347442626953e+01,
       9.7590919494628906e+01 ]
   - [ 5.5613880157470703e+00, 3.6974525451660156e+01,
       1.1490235137939453e+02 ]
   - [ 6.3743505477905273e+00, 6.3065792083740234e+01,
       1.3566439819335938e+02 ]
   - [ 8.6768970489501953e+00, 5.0152103424072266e+01,
       1.2485072326660156e+02 ]
   - [ 1.0119170188903809e+01, 6.1952922821044922e+01,
       1.3589189147949219e+02 ]
   - [ 1.0393127441406250e+01, 4.1838550567626953e+01,
       1.2969793701171875e+02 ]
   - [ 1.2124347686767578e+01, 4.2239223480224609e+01,
       1.3055395507812500e+02 ]
   - [ 1.1798872947692871e+01, 5.3314319610595703e+01,
       1.2612191772460938e+02 ]
   - [ 1.5011106491088867e+01, 6.6362976074218750e+01,
       1.4273849487304688e+02 ]
   - [ 1.1859552383422852e+01, 1.7492407560348511e+00,
       1.0470882415771484e+02 ]
   - [ 1.5294597625732422e+01, 5.8564804077148438e+01,
       1.3618992614746094e+02 ]
   - [ 1.7877723693847656e+01, 6.1538764953613281e+01,
       1.4255726623535156e+02 ]
   - [ 1.7016298294067383e+01, 4.4047336578369141e+00,
       1.2841529846191406e+02 ]
   - [ 1.3407950401306152e+01, 1.7333712577819824e+00,
       1.0028969573974609e+02 ]
   - [ 2.9691587448120117e+01, 5.7308092117309570e+00,
       1.7026530456542969e+02 ]
   - [ 1.6857738494873047e+01, -6.0878831148147583e-01,
       9.5404876708984375e+01 ]
   - [ 1.5399302482604980e+01, -2.0374860763549805e+00,
       8.0043861389160156e+01 ]
   - [ 2.8855344772338867e+01, 7.9979576110839844e+01,
       1.4790783691406250e+02 ]
   - [ 1.8313682556152344e+01, -9.7579389810562134e-01,
       8.0435928344726562e+01 ]
   - [ 1.7197319030761719e+01, -3.8913779258728027e+00,
       6.5279983520507812e+01 ]
   - [ 2.2677312850952148e+01, -1.6596966981887817e-01,
       8.5646682739257812e+01 ]
   - [ 2.2677312850952148e+01, -1.6596966981887817e-01,
       8.5646682739257812e+01 ]
   - [ 1.9946300506591797e+01, -1.7224645614624023e+00,
       7.4712493896484375e+01 ]
   - [ 1.9946300506591797e+01, -1.7224645614624023e+00,
       7.4712493896484375e+01 ]
   - [ 4.7494617462158203e+01, 8.0424110412597656e+01,
       1.7504788208007812e+02 ]
   - [ 6.1164283752441406e+01, 9.5622077941894531e+01,
       2.1148301696777344e+02 ]
   - [ 6.0833274841308594e+01, 8.8871337890625000e+01,
       1.9358206176757812e+02 ]
   - [ 6.2770660400390625e+01, 8.7087356567382812e+01,
       1.8924098205566406e+02 ]
   - [ 6.2770660400390625e+01, 8.7087356567382812e+01,
       1.8924098205566406e+02 ]
   - [ 7.4994995117187500e+01, 9.8387237548828125e+01,
       2.1914741516113281e+02 ]
   - [ 1.9547451019287109e+01, -5.3268070220947266e+00,
       5.5049682617187500e+01 ]
   - [ 2.6085739135742188e+01, -1.4685927629470825e+00,
       7.3534515380859375e+01 ]
   - [ 2.0127433776855469e+01, -6.1198806762695312e+00,
       5.6175933837890625e+01 ]
   - [ 5.9853393554687500e+01, 7.4255889892578125e+01,
       1.6584196472167969e+02 ]
   - [ 2.0575111389160156e+01, -6.4659972190856934e+00,
       4.8783283233642578e+01 ]
   - [ 2.8964969635009766e+01, -5.1502823829650879e+00,
       5.4413841247558594e+01 ]
   - [ 2.9956430435180664e+01, -5.2096633911132812e+00,
       5.4809757232666016e+01 ]
   - [ 2.9180952072143555e+01, -5.5484271049499512e+00,
       4.4026573181152344e+01 ]
   - [ 2.3907415390014648e+01, -8.5662355422973633e+00,
       3.4487968444824219e+01 ]
Colors:
   - [ 69, 66, 56 ]
   - [ 47, 81, 82 ]
   - [ 6, 2, 0 ]
   - [ 60, 59, 58 ]
   - [ 22, 14, 11 ]
   - [ 137, 144, 135 ]
   - [ 136, 140, 129 ]
   - [ 123, 128, 122 ]
   - [ 71, 47, 31 ]
   - [ 123, 115, 99 ]
   - [ 103, 86, 73 ]
   - [ 138, 132, 120 ]
   - [ 29, 96, 98 ]
   - [ 130, 125, 120 ]
   - [ 128, 126, 122 ]
   - [ 132, 128, 120 ]
   - [ 51, 47, 43 ]
   - [ 132, 126, 121 ]
   - [ 72, 39, 19 ]
   - [ 119, 113, 105 ]
   - [ 51, 43, 40 ]
   - [ 137, 134, 127 ]
   - [ 137, 126, 111 ]
   - [ 132, 123, 109 ]
   - [ 43, 39, 35 ]
   - [ 121, 76, 35 ]
   - [ 118, 74, 29 ]
   - [ 121, 121, 121 ]
   - [ 34, 32, 27 ]
   - [ 119, 117, 113 ]
   - [ 62, 67, 63 ]
   - [ 48, 51, 47 ]
   - [ 45, 80, 71 ]
   - [ 11, 10, 7 ]
   - [ 9, 12, 13 ]
   - [ 64, 65, 62 ]
   - [ 64, 65, 62 ]
   - [ 5, 10, 6 ]
   - [ 5, 10, 6 ]
   - [ 65, 58, 53 ]
   - [ 26, 24, 21 ]
   - [ 74, 70, 64 ]
   - [ 88, 85, 81 ]
   - [ 88, 85, 81 ]
   - [ 33, 28, 26 ]
   - [ 15, 27, 23 ]
   - [ 4, 9, 5 ]
   - [ 22, 30, 24 ]
   - [ 33, 30, 29 ]
   - [ 102, 99, 95 ]
   - [ 15, 30, 37 ]
   - [ 13, 19, 23 ]
   - [ 111, 114, 113 ]
   - [ 209, 201, 179 ]
