%YAML:1.0
---
Camera Count: 8
Point Count: 352
Rotations:
   - !!opencv-matrix
      rows: 3
      cols: 3
      dt: d
      data: [ 1., 0., 0., 0., 1., 0., 0., 0., 1. ]
   - !!opencv-matrix
      rows: 3
      cols: 3
      dt: d
      data: [ 9.9987404625709086e-01, 7.3291270457307919e-03,
          1.4077482666323526e-02, -7.3415933933569863e-03,
          9.9997270228780677e-01, 8.3407773523224652e-04,
          -1.4070985321565671e-02, -9.3732383375765699e-04,
          9.9990055945384437e-01 ]
   - !!opencv-matrix
      rows: 3
      cols: 3
      dt: d
      data: [ 9.3301326519439276e-01, -1.1180049995001154e-02,
          3.5966825472010566e-01, 1.1836110941037795e-02,
          9.9992987927228982e-01, 3.7817495337409343e-04,
          -3.5964726253523605e-01, 3.9042311167743135e-03,
          9.3308016993734133e-01 ]
   - !!opencv-matrix
      rows: 3
      cols: 3
      dt: d
      data: [ 8.9721900349512462e-01, 4.2633692678776935e-03,
          4.4156526522101031e-01, -2.0411691599361362e-03,
          9.9998275039645335e-01, -5.5074983436207425e-03,
          -4.4158112889442641e-01, 4.0401227741463045e-03,
          8.9721222908088683e-01 ]
   - !!opencv-matrix
      rows: 3
      cols: 3
      dt: d
      data: [ 9.9767514077784236e-01, -1.7831455235981539e-02,
          -6.5775015606837739e-02, 1.7049539204878030e-02,
          9.9977737924161847e-01, -1.2430010847231910e-02,
          6.5982017904985979e-02, 1.1279679114591977e-02,
          9.9775705567650985e-01 ]
   - !!opencv-matrix
      rows: 3
      cols: 3
      dt: d
      data: [ 9.9314803153730502e-01, -2.3961255756074044e-02,
          1.1438026786193622e-01, 2.6060321373803583e-02,
          9.9951765144419358e-01, -1.6891539343043886e-02,
          -1.1392035421060781e-01, 1.9756585587482767e-02,
          9.9329342604411419e-01 ]
   - !!opencv-matrix
      rows: 3
      cols: 3
      dt: d
      data: [ 8.9150873028746480e-01, -2.2758041416382960e-01,
          3.9168780796733021e-01, 1.8993915857422997e-01,
          9.7276150942574735e-01, 1.3288401641979042e-01,
          -4.1126062279453141e-01, -4.4070408084806653e-02,
          9.1045181051491830e-01 ]
   - !!opencv-matrix
      rows: 3
      cols: 3
      dt: d
      data: [ 9.7258191845690189e-01, -8.9855862113884494e-02,
          2.1450020031333994e-01, 8.1896206346958350e-02,
          9.9559120411942281e-01, 4.5729264875068877e-02,
          -2.1766355523299902e-01, -2.6908703495493146e-02,
          9.7565285752644770e-01 ]
Motions:
   - !!opencv-matrix
      rows: 3
      cols: 1
      dt: d
      data: [ 0., 0., 0. ]
   - !!opencv-matrix
      rows: 3
      cols: 1
      dt: d
      data: [ 9.8292362335600014e-01, -3.0813556690688582e-02,
          -1.8141575282422895e-01 ]
   - !!opencv-matrix
      rows: 3
      cols: 1
      dt: d
      data: [ 4.1267893039753072e-03, -3.5079333800722795e-01,
          1.5132325423334339e-01 ]
   - !!opencv-matrix
      rows: 3
      cols: 1
      dt: d
      data: [ -4.8737391433957156e-01, -1.2471232746804024e-01,
          1.4846960268880019e-01 ]
   - !!opencv-matrix
      rows: 3
      cols: 1
      dt: d
      data: [ 1.4057242119348317e+00, -2.2775576185928612e-01,
          -1.3434801294927035e-01 ]
   - !!opencv-matrix
      rows: 3
      cols: 1
      dt: d
      data: [ 7.9175908748752755e-01, -1.3341026351157692e-01,
          -9.6577868613505757e-02 ]
   - !!opencv-matrix
      rows: 3
      cols: 1
      dt: d
      data: [ -5.8675397726285383e-01, -4.8549193949878120e+00,
          -1.0305824077131364e+01 ]
   - !!opencv-matrix
      rows: 3
      cols: 1
      dt: d
      data: [ 1.2663379941466841e+00, -2.0251104189131697e+00,
          -4.4908998611557127e+00 ]
Points:
   - [ -1.0413531303405762e+01, -1.8091410398483276e+00,
       3.4298881530761719e+01 ]
   - [ -8.5113220214843750e+00, -1.9209519624710083e+00,
       4.1400333404541016e+01 ]
   - [ -7.9519095420837402e+00, -5.1973376274108887e+00,
       4.4585987091064453e+01 ]
   - [ -5.6230649948120117e+00, 2.3514564037322998e+00,
       3.6580944061279297e+01 ]
   - [ -6.4606204032897949e+00, -8.4609107971191406e+00,
       4.4856445312500000e+01 ]
   - [ -6.1509666442871094e+00, -6.0442271232604980e+00,
       4.7991432189941406e+01 ]
   - [ -4.7913923263549805e+00, 1.7115631103515625e+00,
       3.9772747039794922e+01 ]
   - [ -5.0732789039611816e+00, -8.7444400787353516e+00,
       4.4593536376953125e+01 ]
   - [ -4.5602760314941406e+00, 7.2971010208129883e-01,
       4.1772083282470703e+01 ]
   - [ -3.9004340171813965e+00, -9.9718647003173828e+00,
       4.5017372131347656e+01 ]
   - [ -3.4381887912750244e+00, 1.8284225463867188e+00,
       4.1986705780029297e+01 ]
   - [ -3.3984060287475586e+00, 8.3022248744964600e-01,
       4.1950946807861328e+01 ]
   - [ -2.7954888343811035e+00, -1.5582133293151855e+01,
       4.2719230651855469e+01 ]
   - [ -2.6850545406341553e+00, 1.9382091760635376e+00,
       4.3223312377929688e+01 ]
   - [ -2.8317453861236572e+00, -8.7123594284057617e+00,
       4.5804969787597656e+01 ]
   - [ -2.8956203460693359e+00, -5.9027638435363770e+00,
       4.6861774444580078e+01 ]
   - [ -1.1193461418151855e+00, 9.2995387315750122e-01,
       4.6470146179199219e+01 ]
   - [ -1.0607833862304688e+00, -3.9579007625579834e+00,
       4.7753150939941406e+01 ]
   - [ -5.5567157268524170e-01, -4.6746773719787598e+00,
       4.7248348236083984e+01 ]
   - [ -3.2361131906509399e-01, -2.8672583103179932e+00,
       4.8294937133789062e+01 ]
   - [ -3.2361131906509399e-01, -2.8672583103179932e+00,
       4.8294937133789062e+01 ]
   - [ -2.1935647726058960e-01, -4.3240127563476562e+00,
       4.8180820465087891e+01 ]
   - [ -2.1935647726058960e-01, -4.3240127563476562e+00,
       4.8180820465087891e+01 ]
   - [ -7.1384213864803314e-02, -7.3937540054321289e+00,
       4.6959457397460938e+01 ]
   - [ 2.3318322002887726e-01, -6.0081667900085449e+00,
       4.6902122497558594e+01 ]
   - [ 5.1602905988693237e-01, -6.4828824996948242e-01,
       4.9511241912841797e+01 ]
   - [ 7.2410517930984497e-01, -1.1099520683288574e+01,
       4.5802478790283203e+01 ]
   - [ 1.0108867883682251e+00, -3.8224997520446777e+00,
       4.5111690521240234e+01 ]
   - [ 1.6021420955657959e+00, -3.2294225692749023e+00,
       4.8222480773925781e+01 ]
   - [ 1.6021420955657959e+00, -3.2294225692749023e+00,
       4.8222480773925781e+01 ]
   - [ 1.5371568202972412e+00, -1.0579303741455078e+01,
       4.5311332702636719e+01 ]
   - [ 1.5371568202972412e+00, -1.0579303741455078e+01,
       4.5311332702636719e+01 ]
   - [ 2.4824481010437012e+00, -4.2569413185119629e+00,
       4.8768657684326172e+01 ]
   - [ 1.3462400436401367e+01, -9.4591627120971680e+00,
       4.5853065490722656e+01 ]
   - [ 1.5748575210571289e+01, -9.5223016738891602e+00,
       4.0138866424560547e+01 ]
   - [ -1.2844514846801758e+01, -3.7078483104705811e+00,
       6.0002727508544922e+01 ]
   - [ -1.7828834056854248e+00, 1.9285392761230469e+00,
       3.3169846534729004e+00 ]
   - [ -6.4168009757995605e+00, 7.5962620973587036e-01,
       4.9760154724121094e+01 ]
   - [ -6.6506109237670898e+00, -1.6744942665100098e+00,
       5.2254352569580078e+01 ]
   - [ -6.6192693710327148e+00, 3.9690792560577393e-01,
       5.4677867889404297e+01 ]
   - [ -1.3768432140350342e+00, 1.5390949249267578e+00,
       3.3256206512451172e+00 ]
   - [ -1.0961611270904541e+00, 1.7719743251800537e+00,
       3.5323872566223145e+00 ]
   - [ -1.0198632478713989e+00, 1.7194125652313232e+00,
       3.5310182571411133e+00 ]
   - [ -1.0160936117172241e+00, 1.8217573165893555e+00,
       3.5699889659881592e+00 ]
   - [ -1.0163552761077881e+00, 1.8752187490463257e+00,
       3.5960879325866699e+00 ]
   - [ 7.6231020689010620e-01, -6.8732185363769531e+00,
       4.3726329803466797e+01 ]
   - [ -9.5346778631210327e-01, 1.2799521684646606e+00,
       3.3831090927124023e+00 ]
   - [ -9.6018898487091064e-01, 1.6866227388381958e+00,
       3.5313627719879150e+00 ]
