%YAML:1.0
---
Camera Count: 2
Point Count: 20
Rotations:
   - !!opencv-matrix
      rows: 3
      cols: 3
      dt: d
      data: [ 1., 0., 0., 0., 1., 0., 0., 0., 1. ]
   - !!opencv-matrix
      rows: 3
      cols: 3
      dt: d
      data: [ 9.9990118589103638e-01, 7.3123924138787664e-03,
          -1.2006138883272552e-02, -7.0802329312124445e-03,
          9.9978931043034169e-01, 1.9266682404129109e-02,
          1.2144494857290564e-02, -1.9179772324176614e-02,
          9.9974229058205499e-01 ]
Motions:
   - !!opencv-matrix
      rows: 3
      cols: 1
      dt: d
      data: [ 0., 0., 0. ]
   - !!opencv-matrix
      rows: 3
      cols: 1
      dt: d
      data: [ -5.4403272988254446e-02, -1.7794792241772342e-02,
          -9.9836047060029265e-01 ]
Points:
   - [ -5.4765467643737793e+00, 1.1904760599136353e+00,
       9.8237323760986328e+00 ]
   - [ -5.4923424720764160e+00, 1.3525042533874512e+00,
       9.8906564712524414e+00 ]
   - [ -7.5425496101379395e+00, 6.6504895687103271e-01,
       1.5468585968017578e+01 ]
   - [ -7.4357638359069824e+00, 1.0388987064361572e+00,
       1.5650793075561523e+01 ]
   - [ -5.6513361930847168e+00, 1.2332971096038818e+00,
       1.5559529304504395e+01 ]
   - [ -1.4591275215148926e+01, 1.1986508965492249e-01,
       4.7886016845703125e+01 ]
   - [ -4.9301939010620117e+00, 1.3002312183380127e+00,
       1.6675624847412109e+01 ]
   - [ -4.8640441894531250e+00, 1.3803882598876953e+00,
       1.7829261779785156e+01 ]
   - [ -1.7444015741348267e+00, 1.3435531854629517e+00,
       7.0421495437622070e+00 ]
   - [ -3.1187267303466797e+00, 1.0108053684234619e+00,
       2.1039190292358398e+01 ]
   - [ -4.4548358917236328e+00, 3.6183977127075195e-01,
       4.2443286895751953e+01 ]
   - [ -2.3481383323669434e+00, -3.6603374481201172e+00,
       2.9281200408935547e+01 ]
   - [ 2.8288216590881348e+00, 3.4618794918060303e-02,
       2.3658966064453125e+01 ]
   - [ 4.0777101516723633e+00, 5.4480677843093872e-01,
       2.9266630172729492e+01 ]
   - [ 5.0487084388732910e+00, 6.2044192105531693e-02,
       3.6069427490234375e+01 ]
   - [ 5.0205111503601074e+00, 4.8839432001113892e-01,
       2.7763586044311523e+01 ]
   - [ 7.6186795234680176e+00, -9.3024873733520508e-01,
       4.1837871551513672e+01 ]
   - [ 5.3641591072082520e+00, 4.7327718138694763e-01,
       2.5115749359130859e+01 ]
   - [ 3.5879592895507812e+00, 1.3074856996536255e+00,
       9.8269643783569336e+00 ]
   - [ 1.9480976104736328e+01, 7.5542050600051880e-01,
       4.1419483184814453e+01 ]
Colors:
   - [ 111, 120, 116 ]
   - [ 22, 74, 95 ]
   - [ 51, 29, 24 ]
   - [ 112, 104, 96 ]
   - [ 83, 80, 79 ]
   - [ 122, 125, 121 ]
   - [ 84, 81, 79 ]
   - [ 89, 85, 83 ]
   - [ 118, 116, 113 ]
   - [ 126, 127, 121 ]
   - [ 123, 125, 120 ]
   - [ 21, 28, 33 ]
   - [ 43, 39, 35 ]
   - [ 121, 121, 121 ]
   - [ 34, 32, 27 ]
   - [ 119, 117, 113 ]
   - [ 62, 67, 63 ]
   - [ 126, 125, 119 ]
   - [ 115, 107, 94 ]
   - [ 93, 91, 89 ]
