%YAML:1.0
---
Camera Count: 4
Point Count: 118
Rotations:
   - !!opencv-matrix
      rows: 3
      cols: 3
      dt: d
      data: [ 1., 0., 0., 0., 1., 0., 0., 0., 1. ]
   - !!opencv-matrix
      rows: 3
      cols: 3
      dt: d
      data: [ 9.9994782205201505e-01, 5.7342901501635374e-03,
          -8.4540576000485534e-03, -5.7390734348132695e-03,
          9.9998338468969106e-01, -5.4164624870284284e-04,
          8.4508111765107669e-03, 5.9013644410127464e-04,
          9.9996411712092825e-01 ]
   - !!opencv-matrix
      rows: 3
      cols: 3
      dt: d
      data: [ .Nan, .Nan, .Nan, .Nan, .Nan, .Nan, .Nan, .Nan, .Nan ]
   - !!opencv-matrix
      rows: 3
      cols: 3
      dt: d
      data: [ 1., 0., 0., 0., 1., 0., 0., 0., 1. ]
Motions:
   - !!opencv-matrix
      rows: 3
      cols: 1
      dt: d
      data: [ 0., 0., 0. ]
   - !!opencv-matrix
      rows: 3
      cols: 1
      dt: d
      data: [ -6.1679152485800220e-02, 3.7451810156931381e-01,
          9.2516586282976887e-01 ]
   - !!opencv-matrix
      rows: 3
      cols: 1
      dt: d
      data: [ 0., 0., 0. ]
   - !!opencv-matrix
      rows: 3
      cols: 1
      dt: d
      data: [ .Nan, .Nan, .Nan ]
Points:
   - [ -1.2250284194946289e+01, 2.0059822082519531e+01,
       3.8563774108886719e+01 ]
   - [ -1.2250284194946289e+01, 2.0059822082519531e+01,
       3.8563774108886719e+01 ]
   - [ -7.5247015953063965e+00, 1.2575103759765625e+01,
       2.8234304428100586e+01 ]
   - [ -6.8740205764770508e+00, 1.1765414237976074e+01,
       2.7077474594116211e+01 ]
   - [ -6.5735902786254883e+00, 1.1777745246887207e+01,
       2.6334953308105469e+01 ]
   - [ -6.3415570259094238e+00, 1.3107984542846680e+01,
       2.7600538253784180e+01 ]
   - [ -6.3415570259094238e+00, 1.3107984542846680e+01,
       2.7600538253784180e+01 ]
   - [ -5.2130804061889648e+00, 1.0651473999023438e+01,
       2.3882646560668945e+01 ]
   - [ -4.4996547698974609e+00, 1.5481716156005859e+01,
       2.9895654678344727e+01 ]
   - [ -1.6542111635208130e+00, 5.7945389747619629e+00,
       1.2880063056945801e+01 ]
   - [ -1.1402176618576050e+00, 4.2475571632385254e+00,
       9.7269983291625977e+00 ]
   - [ -2.0708146095275879e+00, 8.3150653839111328e+00,
       1.7904726028442383e+01 ]
   - [ .Nan, .Nan, .Nan ]
   - [ .Nan, .Nan, .Nan ]
   - [ .Nan, .Nan, .Nan ]
   - [ .Nan, .Nan, .Nan ]
   - [ .Nan, .Nan, .Nan ]
   - [ .Nan, .Nan, .Nan ]
   - [ .Nan, .Nan, .Nan ]
   - [ .Nan, .Nan, .Nan ]
   - [ .Nan, .Nan, .Nan ]
   - [ .Nan, .Nan, .Nan ]
   - [ .Nan, .Nan, .Nan ]
   - [ .Nan, .Nan, .Nan ]
   - [ .Nan, .Nan, .Nan ]
   - [ .Nan, .Nan, .Nan ]
   - [ .Nan, .Nan, .Nan ]
   - [ .Nan, .Nan, .Nan ]
   - [ .Nan, .Nan, .Nan ]
   - [ .Nan, .Nan, .Nan ]
   - [ .Nan, .Nan, .Nan ]
   - [ .Nan, .Nan, .Nan ]
   - [ .Nan, .Nan, .Nan ]
   - [ .Nan, .Nan, .Nan ]
   - [ .Nan, .Nan, .Nan ]
   - [ .Nan, .Nan, .Nan ]
   - [ .Nan, .Nan, .Nan ]
   - [ .Nan, .Nan, .Nan ]
   - [ .Nan, .Nan, .Nan ]
   - [ .Nan, .Nan, .Nan ]
   - [ .Nan, .Nan, .Nan ]
   - [ .Nan, .Nan, .Nan ]
   - [ .Nan, .Nan, .Nan ]
   - [ .Nan, .Nan, .Nan ]
   - [ .Nan, .Nan, .Nan ]
   - [ .Nan, .Nan, .Nan ]
   - [ .Nan, .Nan, .Nan ]
   - [ .Nan, .Nan, .Nan ]
   - [ .Nan, .Nan, .Nan ]
   - [ .Nan, .Nan, .Nan ]
   - [ .Nan, .Nan, .Nan ]
   - [ .Nan, .Nan, .Nan ]
   - [ .Nan, .Nan, .Nan ]
   - [ .Nan, .Nan, .Nan ]
   - [ .Nan, .Nan, .Nan ]
   - [ .Nan, .Nan, .Nan ]
   - [ .Nan, .Nan, .Nan ]
   - [ .Nan, .Nan, .Nan ]
   - [ .Nan, .Nan, .Nan ]
   - [ .Nan, .Nan, .Nan ]
   - [ .Nan, .Nan, .Nan ]
   - [ .Nan, .Nan, .Nan ]
   - [ .Nan, .Nan, .Nan ]
   - [ .Nan, .Nan, .Nan ]
   - [ .Nan, .Nan, .Nan ]
   - [ .Nan, .Nan, .Nan ]
   - [ .Nan, .Nan, .Nan ]
   - [ .Nan, .Nan, .Nan ]
   - [ .Nan, .Nan, .Nan ]
   - [ .Nan, .Nan, .Nan ]
   - [ .Nan, .Nan, .Nan ]
   - [ .Nan, .Nan, .Nan ]
   - [ .Nan, .Nan, .Nan ]
   - [ .Nan, .Nan, .Nan ]
   - [ .Nan, .Nan, .Nan ]
   - [ .Nan, .Nan, .Nan ]
   - [ .Nan, .Nan, .Nan ]
   - [ .Nan, .Nan, .Nan ]
   - [ .Nan, .Nan, .Nan ]
   - [ .Nan, .Nan, .Nan ]
   - [ .Nan, .Nan, .Nan ]
   - [ .Nan, .Nan, .Nan ]
   - [ .Nan, .Nan, .Nan ]
   - [ .Nan, .Nan, .Nan ]
   - [ .Nan, .Nan, .Nan ]
   - [ .Nan, .Nan, .Nan ]
   - [ .Nan, .Nan, .Nan ]
   - [ .Nan, .Nan, .Nan ]
   - [ .Nan, .Nan, .Nan ]
   - [ .Nan, .Nan, .Nan ]
   - [ .Nan, .Nan, .Nan ]
   - [ .Nan, .Nan, .Nan ]
   - [ .Nan, .Nan, .Nan ]
   - [ .Nan, .Nan, .Nan ]
   - [ .Nan, .Nan, .Nan ]
   - [ .Nan, .Nan, .Nan ]
   - [ .Nan, .Nan, .Nan ]
   - [ .Nan, .Nan, .Nan ]
   - [ .Nan, .Nan, .Nan ]
   - [ .Nan, .Nan, .Nan ]
   - [ .Nan, .Nan, .Nan ]
   - [ .Nan, .Nan, .Nan ]
   - [ .Nan, .Nan, .Nan ]
   - [ .Nan, .Nan, .Nan ]
   - [ .Nan, .Nan, .Nan ]
   - [ .Nan, .Nan, .Nan ]
   - [ .Nan, .Nan, .Nan ]
   - [ .Nan, .Nan, .Nan ]
   - [ .Nan, .Nan, .Nan ]
   - [ .Nan, .Nan, .Nan ]
   - [ .Nan, .Nan, .Nan ]
   - [ .Nan, .Nan, .Nan ]
   - [ .Nan, .Nan, .Nan ]
   - [ .Nan, .Nan, .Nan ]
   - [ .Nan, .Nan, .Nan ]
   - [ .Nan, .Nan, .Nan ]
   - [ .Nan, .Nan, .Nan ]
   - [ .Nan, .Nan, .Nan ]
Colors:
   - [ 68, 72, 66 ]
   - [ 68, 72, 66 ]
   - [ 87, 87, 82 ]
   - [ 40, 39, 38 ]
   - [ 91, 91, 87 ]
   - [ 14, 13, 11 ]
   - [ 14, 13, 11 ]
   - [ 103, 104, 99 ]
   - [ 57, 57, 52 ]
   - [ 73, 75, 70 ]
   - [ 17, 11, 9 ]
   - [ 33, 25, 21 ]
   - [ 215, 211, 191 ]
   - [ 233, 247, 240 ]
   - [ 178, 190, 185 ]
   - [ 188, 190, 180 ]
   - [ 202, 193, 175 ]
   - [ 222, 248, 252 ]
   - [ 177, 184, 180 ]
   - [ 233, 254, 255 ]
   - [ 158, 156, 149 ]
   - [ 166, 162, 154 ]
   - [ 188, 195, 190 ]
   - [ 33, 32, 31 ]
   - [ 209, 239, 245 ]
   - [ 164, 166, 161 ]
   - [ 35, 42, 49 ]
   - [ 194, 208, 205 ]
   - [ 110, 104, 92 ]
   - [ 69, 67, 63 ]
   - [ 162, 163, 158 ]
   - [ 213, 240, 242 ]
   - [ 192, 207, 206 ]
   - [ 92, 87, 77 ]
   - [ 200, 206, 205 ]
   - [ 200, 206, 205 ]
   - [ 104, 95, 81 ]
   - [ 233, 255, 253 ]
   - [ 55, 58, 56 ]
   - [ 230, 255, 255 ]
   - [ 43, 41, 40 ]
   - [ 98, 98, 92 ]
   - [ 142, 141, 132 ]
   - [ 80, 84, 76 ]
   - [ 73, 82, 92 ]
   - [ 67, 49, 48 ]
   - [ 67, 49, 48 ]
   - [ 149, 140, 130 ]
   - [ 134, 132, 130 ]
   - [ 139, 136, 127 ]
   - [ 238, 255, 255 ]
   - [ 83, 51, 32 ]
   - [ 48, 46, 43 ]
   - [ 129, 92, 47 ]
   - [ 217, 255, 254 ]
   - [ 128, 89, 48 ]
   - [ 144, 138, 126 ]
   - [ 175, 189, 191 ]
   - [ 197, 248, 251 ]
   - [ 3, 2, 0 ]
   - [ 153, 154, 154 ]
   - [ 111, 107, 105 ]
   - [ 151, 164, 161 ]
   - [ 85, 74, 64 ]
   - [ 17, 10, 8 ]
   - [ 76, 82, 78 ]
   - [ 76, 82, 78 ]
   - [ 32, 30, 29 ]
   - [ 87, 87, 84 ]
   - [ 80, 80, 77 ]
   - [ 64, 65, 62 ]
   - [ 40, 36, 34 ]
   - [ 75, 76, 73 ]
   - [ 39, 38, 35 ]
   - [ 159, 168, 167 ]
   - [ 208, 253, 255 ]
   - [ 66, 71, 64 ]
   - [ 224, 232, 225 ]
   - [ 78, 78, 74 ]
   - [ 103, 103, 98 ]
   - [ 35, 95, 113 ]
   - [ 5, 11, 20 ]
   - [ 80, 82, 77 ]
   - [ 45, 42, 41 ]
   - [ 19, 14, 12 ]
   - [ 101, 95, 83 ]
   - [ 29, 19, 16 ]
   - [ 202, 202, 194 ]
   - [ 202, 202, 194 ]
   - [ 99, 83, 68 ]
   - [ 99, 83, 68 ]
   - [ 159, 159, 156 ]
   - [ 204, 214, 211 ]
   - [ 229, 254, 255 ]
   - [ 58, 56, 52 ]
   - [ 45, 42, 39 ]
   - [ 124, 124, 123 ]
   - [ 38, 38, 35 ]
   - [ 38, 38, 35 ]
   - [ 25, 99, 110 ]
   - [ 32, 30, 28 ]
   - [ 212, 227, 226 ]
   - [ 137, 135, 128 ]
   - [ 210, 236, 244 ]
   - [ 179, 194, 196 ]
   - [ 158, 171, 170 ]
   - [ 102, 101, 92 ]
   - [ 121, 125, 126 ]
   - [ 32, 31, 29 ]
   - [ 18, 12, 9 ]
   - [ 90, 91, 85 ]
   - [ 0, 2, 7 ]
   - [ 0, 2, 7 ]
   - [ 99, 100, 97 ]
   - [ 6, 4, 1 ]
   - [ 87, 84, 82 ]
   - [ 7, 2, 0 ]
   - [ 81, 80, 77 ]
